#! FIELDS time c_all.mean metad.bias metad.rbias metad.rct
 0.000000 1.000000 0.000000 0.000000 0.000000
 3000.000000 0.289931 72.043764 9.500178 63.097323
 6000.000000 0.336654 116.972250 8.497630 108.858357
 9000.000000 0.353735 150.045313 8.035662 142.303189
 12000.000000 0.465626 168.716453 0.239873 168.718095
 15000.000000 0.544636 182.188308 -8.644680 191.040165
 18000.000000 0.768641 161.675073 -49.346640 211.215513
 21000.000000 0.947290 144.681516 -84.598823 229.451685
 24000.000000 1.144276 125.840599 -119.124626 245.102823
 27000.000000 1.277300 129.326734 -127.689526 257.119763
 30000.000000 1.572736 106.289504 -158.273613 264.612224
 33000.000000 1.701265 120.586085 -147.958410 268.572721
 36000.000000 1.857277 128.408143 -142.056119 270.477478
 39000.000000 1.975440 139.964485 -131.397337 271.368167
 42000.000000 2.244994 125.641735 -145.872120 271.514139
 45000.000000 2.581771 98.295594 -173.177516 271.472216
 48000.000000 2.731057 115.819461 -155.567636 271.386290
 51000.000000 3.006028 112.171137 -159.136255 271.306626
 54000.000000 3.416441 91.473150 -179.757318 271.229712
 57000.000000 3.509031 120.883506 -150.274412 271.157243
 60000.000000 3.781868 115.918744 -155.171772 271.089845
 63000.000000 4.050967 105.640478 -165.383724 271.023514
 66000.000000 4.332090 91.794091 -179.163714 270.957096
 69000.000000 4.568690 97.475265 -173.413826 270.888423
 72000.000000 4.857543 99.437018 -171.386517 270.822908
 75000.000000 5.102284 104.949237 -165.813604 270.762245
 78000.000000 5.352063 104.471337 -166.233489 270.704237
 81000.000000 5.645190 93.168830 -177.478388 270.646612
 84000.000000 6.069933 77.249167 -193.337796 270.586368
 87000.000000 6.377891 83.428006 -187.102670 270.530122
 90000.000000 6.657807 88.482029 -181.995298 270.476792
 93000.000000 6.883349 98.150667 -172.275037 270.425188
 96000.000000 7.058398 116.972618 -153.401518 270.373652
 99000.000000 7.306738 118.224757 -152.100303 270.324580
 102000.000000 7.774754 81.114532 -189.160657 270.274657
 105000.000000 7.918247 103.253281 -166.971473 270.224264
 108000.000000 8.013382 126.768055 -143.409715 270.177316
 111000.000000 8.259516 118.739486 -151.392825 270.131844
 114000.000000 8.502363 120.580938 -149.501898 270.082380
 117000.000000 8.819514 108.599180 -161.437482 270.036203
 120000.000000 9.025440 113.250122 -156.741596 269.991273
 123000.000000 9.238140 119.066333 -150.880331 269.946234
 126000.000000 9.403422 127.133576 -142.770604 269.903762
 129000.000000 9.291555 174.054794 -95.811118 269.865549
 132000.000000 9.679355 132.091732 -137.731964 269.823272
 135000.000000 9.901466 123.824936 -145.954584 269.779087
 138000.000000 10.176088 107.715258 -162.020860 269.735675
 141000.000000 10.201124 139.968564 -129.725157 269.693322
 144000.000000 10.523082 110.723448 -158.930208 269.653232
 147000.000000 10.616228 128.069433 -141.543720 269.612754
 150000.000000 10.707383 144.007635 -125.566053 269.573310
 153000.000000 10.887726 142.521038 -127.013470 269.534132
 156000.000000 11.182769 118.486474 -151.008942 269.495020
 159000.000000 11.354871 116.884352 -152.573217 269.457174
 162000.000000 11.157413 183.982559 -85.440174 269.422413
 165000.000000 11.315092 174.336860 -95.053977 269.390526
 168000.000000 11.370332 185.191412 -84.180491 269.372054
 171000.000000 11.540300 168.843003 -100.747945 269.598347
 174000.000000 11.706746 153.581060 -118.352012 271.977600
 177000.000000 11.690326 182.810409 -95.241047 278.123137
 180000.000000 11.778721 181.251864 -104.105529 285.429153
 183000.000000 11.731454 213.480913 -79.279378 292.835844
 186000.000000 11.836549 204.515611 -95.500311 300.088006
 189000.000000 12.063591 161.497942 -145.233508 306.792233
 192000.000000 12.063238 183.825391 -129.122695 313.008727
 195000.000000 12.080836 198.875777 -120.145422 319.080700
 198000.000000 12.130884 203.148819 -121.696969 324.902907
 201000.000000 12.164410 213.462052 -116.798544 330.315386
 204000.000000 12.272129 200.216368 -135.224913 335.491468
 207000.000000 12.174482 245.918479 -94.668368 340.639451
 210000.000000 12.204424 249.162758 -96.685674 345.900548
 213000.000000 12.121579 284.047255 -67.010640 351.110050
 216000.000000 12.049614 310.659780 -45.564284 356.275197
 219000.000000 12.172136 285.318697 -75.964290 361.334214
 222000.000000 12.367690 231.686684 -134.710525 366.448774
 225000.000000 12.360002 250.227166 -121.210392 371.487461
 228000.000000 12.466346 227.325752 -149.037952 376.412297
 231000.000000 12.508063 226.940105 -154.210513 381.197826
 234000.000000 12.609586 209.127674 -176.515084 385.686614
 237000.000000 12.687971 198.033265 -191.893999 389.968081
 240000.000000 12.547303 261.566353 -132.545935 394.153965
 243000.000000 12.535745 275.798693 -122.427863 398.267533
 246000.000000 12.617713 259.199226 -143.086779 402.326107
 249000.000000 12.660763 255.349738 -150.893763 406.282733
 252000.000000 12.747935 235.293829 -174.817980 410.149840
 255000.000000 12.761481 243.876795 -169.977132 413.890791
 258000.000000 12.763012 255.814588 -161.671649 417.522185
 261000.000000 12.723233 282.102063 -138.930509 421.067578
 264000.000000 12.672056 310.573625 -113.924223 424.531638
 267000.000000 12.791197 274.216587 -153.662588 427.913550
 270000.000000 12.827335 271.658063 -159.627613 431.319321
 273000.000000 12.768760 304.832994 -129.776817 434.642093
 276000.000000 12.819052 294.411431 -143.422391 437.866025
 279000.000000 12.873025 282.976008 -158.080917 441.088909
 282000.000000 12.891505 286.270855 -157.958291 444.260433
 285000.000000 12.978397 260.903277 -186.428412 447.362867
 288000.000000 13.001131 264.043902 -186.359735 450.433864
 291000.000000 12.994414 277.438997 -175.939511 453.407976
 294000.000000 12.987865 289.407642 -166.866797 456.303283
 297000.000000 13.001864 291.582000 -167.508348 459.118905
 300000.000000 13.055071 279.881091 -182.069267 461.978592
 303000.000000 13.154011 248.824214 -215.932802 464.784863
 306000.000000 13.003333 323.543900 -143.939414 467.509203
 309000.000000 13.070432 304.523252 -165.598048 470.147401
 312000.000000 12.989997 344.753088 -127.914072 472.691794
 315000.000000 13.132629 292.359163 -182.844339 475.229592
 318000.000000 13.171926 284.881466 -192.922436 477.829737
 321000.000000 13.239942 265.095434 -215.275414 480.396479
 324000.000000 13.133894 320.551089 -162.310917 482.886129
 327000.000000 13.129641 330.224352 -155.062028 485.309967
 330000.000000 13.166896 320.258500 -167.337882 487.620214
 333000.000000 13.221543 305.376071 -184.658039 490.058024
 336000.000000 13.243019 305.346093 -187.099356 492.468973
 339000.000000 13.209823 327.876912 -166.885564 494.785126
 342000.000000 13.218029 331.798353 -165.254726 497.075409
 345000.000000 13.225971 335.072385 -164.212626 499.307097
 348000.000000 13.319877 300.243257 -201.308616 501.574833
 351000.000000 13.337922 300.440952 -203.387952 503.851575
 354000.000000 13.417802 272.952859 -233.151131 506.126797
 357000.000000 13.487567 250.942192 -257.407156 508.371781
 360000.000000 13.512891 250.839086 -259.709722 510.570500
 363000.000000 13.431845 297.906736 -214.746781 512.674337
 366000.000000 13.394472 323.134724 -191.559225 514.713977
 369000.000000 13.346609 351.519083 -165.147337 516.685514
 372000.000000 13.348500 355.329107 -163.162894 518.510950
 375000.000000 13.441883 318.553641 -201.868687 520.442244
 378000.000000 13.428774 331.336146 -191.031896 522.387482
 381000.000000 13.515517 297.128733 -227.182338 524.331202
 384000.000000 13.504650 310.971823 -215.328958 526.320310
 387000.000000 13.491638 324.611286 -203.607638 528.237921
 390000.000000 13.351750 394.893357 -135.185690 530.095705
 393000.000000 13.282940 427.207415 -104.526114 531.749006
 396000.000000 13.240464 446.392157 -86.883751 533.290667
 399000.000000 13.240183 449.029291 -85.710399 534.754324
 402000.000000 13.364642 401.437996 -134.803973 536.258372
 405000.000000 13.404219 387.627530 -150.271983 537.916420
 408000.000000 13.383132 400.883849 -138.645275 539.545492
 411000.000000 13.367785 411.855711 -129.354777 541.226375
 414000.000000 13.519352 344.411821 -198.456394 542.886753
 417000.000000 13.305299 446.338431 -98.228451 544.581282
 420000.000000 13.425044 398.066209 -148.121669 546.204229
 423000.000000 13.450619 389.354506 -158.395240 547.766458
 426000.000000 13.350202 438.057783 -111.225978 549.298385
 429000.000000 13.299649 461.684795 -89.099575 550.797988
 432000.000000 13.212147 494.764276 -57.267880 552.044461
 435000.000000 13.025637 541.854686 -11.347825 553.213214
 438000.000000 12.312764 515.973110 -38.256320 554.238775
 441000.000000 11.240453 356.942720 -197.720562 554.663523
 444000.000000 10.823501 309.498304 -245.164871 554.663034
 447000.000000 10.606377 294.754012 -259.895298 554.649174
 450000.000000 10.147120 271.765221 -282.870954 554.636047
 453000.000000 9.824551 268.350723 -286.272903 554.623504
 456000.000000 9.731800 275.102871 -279.508739 554.611493
 459000.000000 9.413486 273.316981 -281.283094 554.599961
 462000.000000 8.953471 257.325000 -297.263801 554.588686
 465000.000000 8.680529 250.342446 -304.234688 554.577017
 468000.000000 8.574342 254.651427 -299.914211 554.565522
 471000.000000 8.495300 261.422534 -293.131556 554.553976
 474000.000000 8.328672 262.143524 -292.399164 554.542575
 477000.000000 7.977736 252.587271 -301.943939 554.531096
 480000.000000 7.671271 246.415166 -308.104710 554.519763
 483000.000000 7.629435 255.620799 -298.888005 554.508694
 486000.000000 7.883905 281.552056 -272.945967 554.497918
 489000.000000 7.789609 286.846534 -267.641047 554.487478
 492000.000000 7.479498 273.738147 -280.738998 554.477039
 495000.000000 7.128568 250.725139 -303.741065 554.466090
 498000.000000 6.883137 241.924620 -312.530033 554.454538
 501000.000000 6.429636 219.973957 -334.469275 554.443116
 504000.000000 6.677452 252.732235 -301.699732 554.431859
 507000.000000 6.364959 242.460824 -311.960246 554.420962
 510000.000000 6.016311 227.450530 -326.959265 554.409682
 513000.000000 6.080210 246.952662 -307.446154 554.398709
 516000.000000 5.670619 228.790612 -325.597114 554.387613
 519000.000000 5.724838 246.043180 -308.333646 554.376718
 522000.000000 5.510259 244.356217 -310.009849 554.365959
 525000.000000 5.562230 260.450043 -293.905395 554.355334
 528000.000000 5.392003 261.804995 -292.540087 554.344979
 531000.000000 5.419473 274.859055 -279.475815 554.334771
 534000.000000 5.300880 277.466266 -276.858807 554.324975
 537000.000000 5.264610 284.970691 -269.344611 554.315205
 540000.000000 5.132906 284.308038 -269.997417 554.305359
 543000.000000 4.739975 253.610288 -300.684649 554.294828
 546000.000000 4.859885 278.464234 -275.820167 554.284300
 549000.000000 4.561254 256.766381 -297.507471 554.273743
 552000.000000 4.360531 249.964110 -304.298761 554.262760
 555000.000000 4.023078 242.637497 -311.614393 554.251783
 558000.000000 4.203698 264.014423 -290.226870 554.241188
 561000.000000 4.019396 264.877667 -289.353361 554.230926
 564000.000000 4.027369 275.843107 -278.377944 554.220953
 567000.000000 4.042627 286.680095 -267.531237 554.211236
 570000.000000 4.011076 294.380344 -259.821482 554.201732
 573000.000000 3.840117 291.793978 -262.398558 554.192443
 576000.000000 3.972292 309.528480 -244.654861 554.183252
 579000.000000 3.810540 305.768211 -248.406224 554.174345
 582000.000000 3.347696 260.772828 -293.392120 554.164843
 585000.000000 3.247649 259.629835 -294.524778 554.154508
 588000.000000 2.939787 239.470670 -314.673314 554.143873
 591000.000000 2.936611 252.099403 -302.033831 554.133128
 594000.000000 2.789833 252.992773 -301.129904 554.122573
 597000.000000 2.886593 271.985051 -282.127391 554.112342
 600000.000000 2.638347 264.363955 -289.738513 554.102368
 603000.000000 2.756071 283.476131 -270.616528 554.092563
 606000.000000 2.504434 276.021907 -278.060971 554.082781
 609000.000000 2.381536 278.529292 -275.543845 554.073042
 612000.000000 2.089509 271.608224 -282.455349 554.063476
 615000.000000 2.118619 283.576318 -270.477754 554.053979
 618000.000000 1.921621 282.606864 -271.437856 554.044627
 621000.000000 1.859061 288.594618 -265.440863 554.035390
 624000.000000 2.046663 307.135688 -246.890882 554.026483
 627000.000000 2.079282 316.375529 -237.642385 554.017829
 630000.000000 1.793546 307.367801 -246.641488 554.009201
 633000.000000 1.908792 322.962371 -231.038350 554.000638
 636000.000000 1.869162 327.096188 -226.896311 553.992416
 639000.000000 1.591898 308.621922 -245.362115 553.983946
 642000.000000 1.775342 333.795484 -220.179954 553.975355
 645000.000000 1.800623 342.162894 -211.804398 553.967212
 648000.000000 1.547581 322.312714 -231.646345 553.958970
 651000.000000 1.518419 325.201826 -228.748744 553.950480
 654000.000000 1.444551 322.823199 -231.118608 553.941717
 657000.000000 1.485618 334.671719 -219.261191 553.932823
 660000.000000 1.312912 320.924938 -232.998778 553.923623
 663000.000000 1.276926 324.224808 -229.689544 553.914259
 666000.000000 1.211347 324.816563 -229.088430 553.904900
 669000.000000 1.132119 324.903338 -228.992417 553.895664
 672000.000000 1.086374 328.243887 -225.642774 553.886571
 675000.000000 1.099507 335.762109 -218.115622 553.877642
 678000.000000 1.041747 337.975123 -215.893824 553.868860
 681000.000000 1.101111 348.227511 -205.632807 553.860232
 684000.000000 1.105444 354.279252 -199.572581 553.851749
 687000.000000 1.093804 358.860611 -194.982877 553.843406
 690000.000000 1.055305 361.477751 -192.357499 553.835168
 693000.000000 1.117940 370.913526 -182.913621 553.827067
 696000.000000 1.104565 374.839143 -178.980002 553.819065
 699000.000000 0.947491 368.442697 -185.368546 553.811164
 702000.000000 0.951760 373.422548 -180.380889 553.803359
 705000.000000 0.943318 377.432360 -176.363367 553.795651
 708000.000000 0.888251 377.699474 -176.088639 553.788037
 711000.000000 0.899506 383.028496 -170.752097 553.780518
 714000.000000 0.861351 384.105993 -169.667171 553.773090
 717000.000000 0.841443 386.521491 -167.244323 553.765741
 720000.000000 0.871720 393.167451 -160.591103 553.758481
 723000.000000 0.836805 394.023396 -159.727963 553.751287
 726000.000000 0.912173 404.226569 -149.517670 553.744169
 729000.000000 0.819580 399.838520 -153.898688 553.737137
 732000.000000 0.834005 404.877778 -148.852451 553.730159
 735000.000000 0.812483 406.361801 -147.361499 553.723231
 738000.000000 0.911415 418.435907 -135.280528 553.716368
 741000.000000 0.822039 414.257939 -139.451687 553.709558
 744000.000000 0.881831 422.896466 -130.806415 553.702814
 747000.000000 0.785980 417.085093 -136.611095 553.696121
 750000.000000 0.755936 416.750840 -136.938701 553.689474
 753000.000000 0.749189 419.022867 -134.660088 553.682888
 756000.000000 0.725873 418.996269 -134.680139 553.676342
 759000.000000 0.766197 427.403362 -126.266451 553.669748
 762000.000000 0.693150 420.678570 -132.984602 553.663106
 765000.000000 0.693503 423.902764 -129.753835 553.656534
 768000.000000 0.697535 427.794377 -125.855550 553.649863
 771000.000000 0.678248 427.916312 -125.727073 553.643321
 774000.000000 0.645663 425.427886 -128.209035 553.636855
 777000.000000 0.673882 433.161915 -120.468602 553.630453
 780000.000000 0.624518 427.395055 -126.229056 553.624046
 783000.000000 0.667916 437.929315 -115.688481 553.617733
 786000.000000 0.662836 439.845818 -113.765701 553.611456
 789000.000000 0.715490 450.393418 -103.212057 553.605415
 792000.000000 0.702371 451.061943 -102.537450 553.599333
 795000.000000 0.686439 451.212710 -102.380577 553.593226
 798000.000000 0.679710 452.628910 -100.958338 553.587187
 801000.000000 0.631652 446.749161 -106.832009 553.581109
 804000.000000 0.679169 457.498544 -96.076595 553.575079
 807000.000000 0.678608 459.822647 -93.746485 553.569072
 810000.000000 0.682007 462.704914 -90.858282 553.563138
 813000.000000 0.685709 465.512610 -88.044765 553.557317
 816000.000000 0.709361 471.189925 -82.361640 553.551508
 819000.000000 0.671345 467.577653 -85.968165 553.545761
 822000.000000 0.714071 476.149508 -77.390524 553.539976
 825000.000000 0.712970 478.134281 -75.399995 553.534220
 828000.000000 0.711984 480.123684 -73.404834 553.528462
 831000.000000 0.677084 476.951805 -76.571127 553.522875
 834000.000000 0.720157 485.226817 -68.290442 553.517204
 837000.000000 0.667353 479.503482 -74.008024 553.511450
 840000.000000 0.630704 474.995044 -78.510686 553.505673
 843000.000000 0.639115 478.768300 -74.731551 553.499795
 846000.000000 0.574683 467.232586 -86.261445 553.493972
 849000.000000 0.614843 478.230558 -75.257650 553.488152
 852000.000000 0.571834 470.751033 -82.731384 553.482358
 855000.000000 0.701792 497.031745 -56.445193 553.476884
 858000.000000 0.660836 492.576884 -60.894629 553.471460
 861000.000000 0.757771 506.883401 -46.582919 553.466268
 864000.000000 0.727621 505.282561 -48.178637 553.461146
 867000.000000 0.727649 506.901592 -46.554424 553.455964
 870000.000000 0.642988 495.818218 -57.632540 553.450705
 873000.000000 0.656923 499.957724 -53.487805 553.445476
 876000.000000 0.592157 488.709179 -64.730931 553.440055
 879000.000000 0.612991 495.051379 -58.383272 553.434597
 882000.000000 0.606722 495.432030 -57.997243 553.429220
 885000.000000 0.598857 495.465480 -57.958342 553.423768
 888000.000000 0.674765 511.522299 -41.896222 553.418470
 891000.000000 0.675808 513.227225 -40.186168 553.413342
 894000.000000 0.709577 519.397866 -34.010619 553.408436
 897000.000000 0.790719 528.335419 -25.068152 553.403522
 900000.000000 0.793801 529.874694 -23.524005 553.398652
 903000.000000 0.905607 532.821080 -20.572811 553.393843
 906000.000000 0.937812 532.957994 -20.431074 553.389018
 909000.000000 1.089126 521.629118 -31.754740 553.383804
 912000.000000 1.228738 504.364781 -49.013420 553.378141
 915000.000000 1.521091 462.049849 -91.321658 553.371434
 918000.000000 1.510079 466.009913 -87.354159 553.364000
 921000.000000 1.831408 425.707417 -127.648881 553.356220
 924000.000000 2.040774 402.757741 -150.590670 553.348331
 927000.000000 2.057293 404.351230 -148.989256 553.340407
 930000.000000 2.190180 391.891878 -161.440700 553.332500
 933000.000000 2.250429 388.611797 -164.712917 553.324635
 936000.000000 2.316542 385.107463 -168.209371 553.316756
 939000.000000 2.385468 381.599361 -171.709660 553.308944
 942000.000000 2.465719 377.453341 -175.847878 553.301142
 945000.000000 2.579397 370.378500 -182.915017 553.293440
 948000.000000 2.765350 358.174350 -195.111486 553.285760
 951000.000000 3.004378 346.429110 -206.849067 553.278100
 954000.000000 2.852535 361.922941 -191.347705 553.270572
 957000.000000 2.888724 364.302490 -188.960747 553.263164
 960000.000000 2.916104 367.251241 -186.004693 553.255861
 963000.000000 3.122076 358.669733 -194.578970 553.248630
 966000.000000 2.985895 372.308664 -180.932850 553.241444
 969000.000000 3.306427 359.160556 -194.073870 553.234355
 972000.000000 3.235823 367.596239 -185.631177 553.227346
 975000.000000 3.249600 371.816950 -181.403556 553.220438
 978000.000000 3.051385 386.215527 -166.998179 553.213640
 981000.000000 3.145859 385.764872 -167.442139 553.206945
 984000.000000 3.413022 376.577931 -176.622445 553.200310
 987000.000000 3.371502 383.055114 -170.138661 553.193710
 990000.000000 3.319295 389.807653 -163.379625 553.187214
 993000.000000 3.156561 401.193915 -151.986973 553.180824
 996000.000000 3.054449 408.689715 -144.484855 553.174508
 999000.000000 3.107301 410.347414 -142.820915 553.168267
 1002000.000000 3.160290 411.585406 -141.576743 553.162087
 1005000.000000 3.557878 391.443824 -161.712073 553.155834
 1008000.000000 3.732836 382.989124 -170.160343 553.149403
 1011000.000000 3.909207 373.729172 -179.413855 553.142962
 1014000.000000 4.067923 365.257265 -187.879268 553.136466
 1017000.000000 4.257315 355.108053 -198.021796 553.129780
 1020000.000000 4.363707 352.735004 -200.388049 553.122985
 1023000.000000 4.548437 346.658151 -206.458145 553.116228
 1026000.000000 4.650713 347.458804 -205.650742 553.109479
 1029000.000000 4.510725 359.894734 -193.208174 553.102842
 1032000.000000 4.579946 361.704475 -191.391906 553.096317
 1035000.000000 4.697309 361.807001 -191.282957 553.089894
 1038000.000000 4.855075 360.675862 -192.407777 553.083576
 1041000.000000 4.962512 361.324160 -191.753262 553.077361
 1044000.000000 4.968208 366.075371 -186.995927 553.071237
 1047000.000000 5.071211 365.837482 -187.227775 553.065196
 1050000.000000 4.796627 381.969165 -171.090128 553.059234
 1053000.000000 4.696179 388.682582 -164.370768 553.053292
 1056000.000000 4.682937 392.984807 -160.062634 553.047382
 1059000.000000 4.733873 395.778377 -157.263267 553.041587
 1062000.000000 4.614210 401.854819 -151.181026 553.035787
 1065000.000000 4.709164 403.806563 -149.223591 553.030097
 1068000.000000 4.795529 404.831177 -148.193345 553.024466
 1071000.000000 4.821169 407.427773 -145.591165 553.018883
 1074000.000000 5.088428 393.789167 -159.224125 553.013235
 1077000.000000 5.342520 372.043314 -180.964072 553.007325
 1080000.000000 5.406040 369.988573 -183.012528 553.001039
 1083000.000000 5.700488 344.292914 -208.701768 552.994616
 1086000.000000 5.790800 341.990387 -210.997733 552.988054
 1089000.000000 5.850524 342.875088 -210.106527 552.981551
 1092000.000000 6.057567 332.221177 -220.754000 552.975112
 1095000.000000 6.054200 338.921866 -214.046911 552.968713
 1098000.000000 6.107024 340.798092 -212.164412 552.962441
 1101000.000000 6.347212 328.482345 -224.473876 552.956158
 1104000.000000 6.395865 331.695725 -221.254152 552.949815
 1107000.000000 6.458027 333.619510 -219.324151 552.943599
 1110000.000000 6.519725 335.454545 -217.482982 552.937466
 1113000.000000 6.283062 357.863982 -195.067545 552.931469
 1116000.000000 6.535148 345.733173 -207.192432 552.925546
 1119000.000000 6.790321 331.673665 -221.245868 552.919470
 1122000.000000 6.807049 336.707830 -216.205587 552.913356
 1125000.000000 6.664038 353.683032 -199.224411 552.907385
 1128000.000000 6.680376 357.895629 -195.006003 552.901575
 1131000.000000 6.839122 350.803549 -202.092238 552.895728
 1134000.000000 7.009443 343.420102 -209.469597 552.889638
 1137000.000000 7.424377 328.064210 -224.819340 552.883489
 1140000.000000 7.147566 346.473032 -206.404463 552.877435
 1143000.000000 7.356436 342.253146 -210.618388 552.871475
 1146000.000000 7.541636 341.071239 -211.794423 552.865605
 1149000.000000 7.514960 347.708054 -205.151832 552.859830
 1152000.000000 7.390275 358.045210 -194.808993 552.854147
 1155000.000000 7.197306 369.947731 -182.900853 552.848529
 1158000.000000 7.527518 361.746203 -191.096835 552.842983
 1161000.000000 7.534192 366.447345 -186.390201 552.837491
 1164000.000000 7.382863 377.543260 -175.288881 552.832087
 1167000.000000 7.029913 389.804621 -163.022163 552.826730
 1170000.000000 7.085713 393.015366 -159.806065 552.821377
 1173000.000000 6.892880 399.118367 -153.697725 552.816039
 1176000.000000 6.685206 403.341832 -149.468939 552.810717
 1179000.000000 6.696068 406.992155 -145.813327 552.805429
 1182000.000000 6.627460 410.084896 -142.715351 552.800194
 1185000.000000 6.530799 412.157416 -140.637615 552.794979
 1188000.000000 6.444803 413.568707 -139.221090 552.789745
 1191000.000000 6.251699 410.309494 -142.474935 552.784376
 1194000.000000 5.995262 403.075203 -149.703753 552.778898
 1197000.000000 5.954561 405.147586 -147.625625 552.773154
 1200000.000000 5.811087 404.541700 -148.225743 552.767385
 1203000.000000 5.809437 407.957125 -144.804602 552.761670
 1206000.000000 5.606262 408.955112 -143.800839 552.755893
 1209000.000000 5.595222 412.389349 -140.360854 552.750145
 1212000.000000 5.817681 418.058873 -134.685667 552.744484
 1215000.000000 5.797249 420.900062 -131.838879 552.738885
 1218000.000000 5.672828 422.320778 -130.412609 552.733331
 1221000.000000 5.609293 424.877612 -127.850253 552.727810
 1224000.000000 5.417418 427.762076 -124.960313 552.722335
 1227000.000000 5.752993 431.850559 -120.866402 552.716907
 1230000.000000 5.781530 434.964443 -117.747143 552.711533
 1233000.000000 5.460047 435.712301 -116.993946 552.706194
 1236000.000000 5.646936 439.374394 -113.326556 552.700897
 1239000.000000 5.485659 441.061470 -111.634235 552.695653
 1242000.000000 5.532925 444.014255 -108.676237 552.690440
 1245000.000000 5.443635 445.848509 -106.836813 552.685270
 1248000.000000 5.525395 449.072451 -103.607739 552.680139
 1251000.000000 5.512224 451.453664 -101.221426 552.675040
 1254000.000000 5.603871 454.427061 -98.242974 552.669985
 1257000.000000 5.496457 456.052548 -96.612469 552.664967
 1260000.000000 5.483738 458.222158 -94.437876 552.659985
 1263000.000000 5.571612 461.303597 -91.351483 552.655031
 1266000.000000 5.760896 462.785540 -89.864618 552.650109
 1269000.000000 5.472818 464.785750 -87.859525 552.645226
 1272000.000000 5.622631 468.000302 -84.640116 552.640370
 1275000.000000 5.519443 469.683858 -82.951740 552.635551
 1278000.000000 5.565018 472.132929 -80.497881 552.630762
 1281000.000000 5.618464 474.227957 -78.398082 552.625992
 1284000.000000 5.234076 468.063833 -84.557420 552.621204
 1287000.000000 5.514946 477.783626 -74.832907 552.616486
 1290000.000000 5.595757 480.026419 -72.585435 552.611808
 1293000.000000 5.248523 474.140289 -78.466876 552.607117
 1296000.000000 5.525986 483.617790 -68.984695 552.602439
 1299000.000000 5.606789 485.365036 -67.232845 552.597835
 1302000.000000 5.399718 485.317672 -67.275620 552.593246
 1305000.000000 5.476630 488.717818 -63.870877 552.588649
 1308000.000000 5.685462 489.201174 -63.382926 552.584054
 1311000.000000 5.985379 477.405499 -75.173856 552.579306
 1314000.000000 6.139846 469.520274 -83.054103 552.574327
 1317000.000000 6.208138 467.192031 -85.377263 552.569244
 1320000.000000 6.305643 463.023786 -89.540449 552.564185
 1323000.000000 6.596733 446.736671 -105.822446 552.559066
 1326000.000000 6.691758 443.342583 -109.211400 552.553932
 1329000.000000 6.696150 445.705907 -106.842973 552.548830
 1332000.000000 6.842776 438.892033 -113.651774 552.543757
 1335000.000000 7.094938 423.921321 -128.617434 552.538705
 1338000.000000 7.120694 424.926546 -127.607178 552.533674
 1341000.000000 7.261544 416.790516 -135.738207 552.528673
 1344000.000000 7.036975 437.041638 -115.482136 552.523725
 1347000.000000 7.156604 431.035962 -121.482894 552.518807
 1350000.000000 7.579008 394.647047 -157.866777 552.513773
 1353000.000000 7.821047 370.590229 -181.918397 552.508573
 1356000.000000 8.027359 350.831086 -201.672113 552.503143
 1359000.000000 8.029836 355.915510 -196.582215 552.497670
 1362000.000000 7.960243 369.233701 -183.258641 552.492289
 1365000.000000 8.150292 352.652598 -199.834305 552.486849
 1368000.000000 8.404589 334.161283 -218.320060 552.481287
 1371000.000000 8.454276 336.209976 -216.265894 552.475816
 1374000.000000 8.627675 330.952323 -221.518132 552.470401
 1377000.000000 8.493640 345.922152 -206.542994 552.465093
 1380000.000000 8.768637 335.053199 -217.406727 552.459874
 1383000.000000 8.724864 343.750097 -208.704712 552.454759
 1386000.000000 8.758467 347.591775 -204.858000 552.449725
 1389000.000000 8.713425 355.746922 -196.697899 552.444772
 1392000.000000 8.723566 360.433958 -192.005982 552.439892
 1395000.000000 8.661545 368.886291 -183.548837 552.435080
 1398000.000000 8.815159 364.775874 -187.654503 552.430330
 1401000.000000 8.955453 359.633271 -192.792374 552.425597
 1404000.000000 8.905383 368.276431 -184.144563 552.420948
 1407000.000000 8.769678 382.029654 -170.386719 552.416328
 1410000.000000 9.195720 351.022597 -201.389085 552.411634
 1413000.000000 9.306449 345.902603 -206.504030 552.406583
 1416000.000000 9.516325 333.025426 -219.376075 552.401449
 1419000.000000 9.430718 346.649487 -205.746879 552.396316
 1422000.000000 9.486777 347.812575 -204.578749 552.391274
 1425000.000000 9.329088 366.751660 -185.634740 552.386353
 1428000.000000 9.464922 360.650322 -191.731207 552.381481
 1431000.000000 9.604036 353.896081 -198.480704 552.376735
 1434000.000000 9.692379 352.178984 -200.192863 552.371798
 1437000.000000 9.744436 353.784048 -198.582795 552.366794
 1440000.000000 9.961340 343.213620 -209.148256 552.361825
 1443000.000000 9.788470 361.558465 -190.798483 552.356901
 1446000.000000 9.729827 370.664484 -181.687776 552.352213
 1449000.000000 9.721666 376.057319 -176.290254 552.347527
 1452000.000000 9.884130 368.483925 -183.858962 552.342840
 1455000.000000 9.994588 364.579645 -187.758397 552.337994
 1458000.000000 10.358382 342.816397 -209.516575 552.332920
 1461000.000000 10.208852 358.312637 -194.015283 552.327869
 1464000.000000 10.160297 367.134666 -185.188315 552.322933
 1467000.000000 10.295929 362.252748 -190.065326 552.318025
 1470000.000000 10.283470 368.196148 -184.116973 552.313072
 1473000.000000 10.102880 385.373303 -166.935069 552.308326
 1476000.000000 10.192684 383.604640 -168.699091 552.303684
 1479000.000000 10.255473 383.481215 -168.817851 552.299019
 1482000.000000 10.092812 398.501869 -153.792611 552.294437
 1485000.000000 10.362596 383.977613 -168.312184 552.289750
 1488000.000000 10.139800 403.391224 -148.894129 552.285310
 1491000.000000 10.162405 405.659387 -146.621612 552.280956
 1494000.000000 9.845262 420.667556 -131.609243 552.276757
 1497000.000000 9.660023 423.334149 -128.938497 552.272605
 1500000.000000 9.557635 424.816874 -127.451516 552.268347
 1503000.000000 9.413579 424.800097 -127.464076 552.264130
 1506000.000000 9.317605 425.603275 -126.656585 552.259816
 1509000.000000 8.948037 419.647916 -132.607536 552.255408
 1512000.000000 8.795763 418.473142 -133.777850 552.250947
 1515000.000000 8.724829 419.457306 -132.789167 552.246429
 1518000.000000 8.545785 416.618138 -135.623762 552.241854
 1521000.000000 8.442139 416.561272 -135.676004 552.237230
 1524000.000000 8.323736 416.642880 -135.589776 552.232609
 1527000.000000 8.264153 418.646378 -133.581635 552.227967
 1530000.000000 8.099836 419.968554 -132.254788 552.223295
 1533000.000000 8.077971 423.039202 -129.179501 552.218657
 1536000.000000 8.159782 426.518430 -125.695667 552.214052
 1539000.000000 8.239571 430.280053 -121.929511 552.209519
 1542000.000000 8.349418 434.585179 -117.619957 552.205092
 1545000.000000 8.415602 438.320334 -113.880426 552.200716
 1548000.000000 8.522575 442.329558 -109.866877 552.196392
 1551000.000000 8.564795 445.226213 -106.965932 552.192103
 1554000.000000 8.341055 445.106766 -107.081114 552.187838
 1557000.000000 8.320801 447.265974 -104.917678 552.183609
 1560000.000000 8.313063 449.640455 -102.538965 552.179378
 1563000.000000 8.022166 445.700281 -106.474843 552.175080
 1566000.000000 7.788801 443.778678 -108.392065 552.170698
 1569000.000000 7.785048 446.288007 -105.878287 552.166250
 1572000.000000 7.824923 449.448971 -102.712904 552.161831
 1575000.000000 7.696561 450.098816 -102.058683 552.157455
 1578000.000000 7.692123 452.462433 -99.690713 552.153102
 1581000.000000 7.663013 454.511018 -97.637757 552.148731
 1584000.000000 7.698260 457.336257 -94.808182 552.144395
 1587000.000000 7.449961 456.935203 -95.204914 552.140073
 1590000.000000 7.579401 460.537773 -91.598008 552.135738
 1593000.000000 7.480713 461.706945 -90.424570 552.131472
 1596000.000000 7.399273 463.064971 -89.062275 552.127203
 1599000.000000 7.332954 464.658668 -87.464289 552.122914
 1602000.000000 7.506897 468.465651 -83.653025 552.118633
 1605000.000000 7.341927 468.997985 -83.116478 552.114421
 1608000.000000 7.319896 470.777134 -81.333149 552.110241
 1611000.000000 7.286971 472.486637 -79.619430 552.106026
 1614000.000000 7.521161 476.524086 -75.577785 552.101830
 1617000.000000 7.327541 476.917283 -75.180470 552.097711
 1620000.000000 7.339639 479.038949 -73.054655 552.093563
 1623000.000000 7.246821 479.835782 -72.253720 552.089461
 1626000.000000 7.167290 480.591388 -71.494009 552.085356
 1629000.000000 7.266753 483.946005 -68.135321 552.081285
 1632000.000000 7.184268 484.538759 -67.538522 552.077240
 1635000.000000 7.330692 488.402879 -63.670370 552.073208
 1638000.000000 7.351890 490.401830 -61.667421 552.069211
 1641000.000000 7.276625 491.396956 -60.668305 552.065221
 1644000.000000 7.137104 490.734213 -61.327046 552.061218
 1647000.000000 7.121439 492.136358 -59.920923 552.057241
 1650000.000000 7.094610 493.252635 -58.800666 552.053261
 1653000.000000 7.017483 493.040068 -59.009146 552.049174
 1656000.000000 6.893768 491.395878 -60.649238 552.045075
 1659000.000000 6.861959 492.282436 -59.758564 552.040959
 1662000.000000 6.842061 493.484539 -58.552362 552.036860
 1665000.000000 6.900408 496.846554 -55.186258 552.032771
 1668000.000000 6.795286 495.627602 -56.401124 552.028685
 1671000.000000 6.603510 492.274458 -59.750117 552.024533
 1674000.000000 6.326329 490.271907 -61.748458 552.020322
 1677000.000000 6.163888 492.898733 -59.117443 552.016134
 1680000.000000 6.204087 494.251705 -57.760317 552.011981
 1683000.000000 6.268069 495.577311 -56.430576 552.007845
 1686000.000000 6.536085 498.615620 -53.388127 552.003706
 1689000.000000 6.477390 499.631781 -52.367852 551.999593
 1692000.000000 6.522050 501.766734 -50.228818 551.995511
 1695000.000000 6.401434 502.270259 -49.721221 551.991440
 1698000.000000 6.448608 504.218484 -47.768952 551.987395
 1701000.000000 6.233937 504.878094 -47.105310 551.983365
 1704000.000000 6.312557 506.586282 -45.393119 551.979361
 1707000.000000 6.274734 508.008213 -43.967197 551.975370
 1710000.000000 6.211297 509.424528 -42.546921 551.971410
 1713000.000000 6.322531 511.203909 -40.763599 551.967468
 1716000.000000 6.229986 512.468225 -39.495359 551.963545
 1719000.000000 6.199728 513.892197 -38.067504 551.959662
 1722000.000000 6.281479 515.490011 -36.465822 551.955794
 1725000.000000 6.183005 516.782392 -35.169591 551.951945
 1728000.000000 6.247742 518.285005 -33.663119 551.948086
 1731000.000000 6.253974 519.717809 -32.226482 551.944253
 1734000.000000 6.114262 520.591633 -31.348850 551.940445
 1737000.000000 6.251026 522.489629 -29.447063 551.936655
 1740000.000000 6.068776 522.966880 -28.966065 551.932908
 1743000.000000 5.668133 515.241932 -36.687320 551.929214
 1746000.000000 5.711368 518.337956 -33.587622 551.925541
 1749000.000000 5.584233 514.333906 -37.588000 551.921870
 1752000.000000 5.414648 505.699285 -46.218930 551.918178
 1755000.000000 5.400256 506.312176 -45.602298 551.914438
 1758000.000000 5.278614 498.644744 -53.265953 551.910659
 1761000.000000 5.337737 505.021612 -46.885305 551.906880
 1764000.000000 4.994652 476.014233 -75.888747 551.902940
 1767000.000000 4.778700 457.019104 -94.879794 551.898856
 1770000.000000 4.644854 446.956602 -104.938126 551.894686
 1773000.000000 4.501834 437.423696 -114.466822 551.890476
 1776000.000000 4.478662 438.425942 -113.460292 551.886191
 1779000.000000 4.415939 436.574553 -115.307431 551.881941
 1782000.000000 4.085259 421.726424 -130.151292 551.877674
 1785000.000000 3.829736 418.846252 -133.027256 551.873466
 1788000.000000 3.714476 421.312373 -130.557044 551.869376
 1791000.000000 4.106779 430.884493 -120.980799 551.865251
 1794000.000000 4.117567 434.135214 -117.725952 551.861124
 1797000.000000 3.950052 432.313510 -119.543567 551.857036
 1800000.000000 4.129521 440.053724 -111.799320 551.853004
 1803000.000000 3.852453 435.667474 -116.181567 551.849001
 1806000.000000 3.856267 438.431646 -113.413434 551.845040
 1809000.000000 3.712483 438.252122 -113.589049 551.841133
 1812000.000000 3.753600 441.741842 -110.095456 551.837259
 1815000.000000 3.893075 447.152052 -104.681396 551.833410
 1818000.000000 3.946234 450.646254 -101.183372 551.829588
 1821000.000000 3.848815 451.269236 -100.556588 551.825786
 1824000.000000 3.816561 453.054847 -98.767212 551.822021
 1827000.000000 3.968394 458.198798 -93.619515 551.818275
 1830000.000000 3.845862 458.344242 -93.470345 551.814550
 1833000.000000 3.687274 456.580020 -95.230879 551.810862
 1836000.000000 3.729581 460.102975 -91.704261 551.807199
 1839000.000000 3.823797 464.705877 -87.097714 551.803555
 1842000.000000 3.851907 467.432255 -84.367714 551.799933
 1845000.000000 4.096316 471.236599 -80.559775 551.796337
 1848000.000000 3.759761 469.601339 -82.191452 551.792755
 1851000.000000 3.680074 469.223863 -82.565376 551.789203
 1854000.000000 3.702235 472.037026 -79.748681 551.785672
 1857000.000000 3.735802 475.165700 -76.616474 551.782139
 1860000.000000 3.743702 477.389096 -74.389593 551.778655
 1863000.000000 3.791359 480.567248 -71.207974 551.775187
 1866000.000000 3.615007 476.530440 -75.241320 551.771725
 1869000.000000 3.709808 482.187780 -69.580519 551.768264
 1872000.000000 3.694600 483.601611 -68.163263 551.764840
 1875000.000000 3.639856 483.435121 -68.326312 551.761399
 1878000.000000 3.638782 485.293346 -66.464678 551.757990
 1881000.000000 3.527008 481.698466 -70.056139 551.754570
 1884000.000000 3.313258 469.874926 -81.876189 551.751080
 1887000.000000 3.270777 469.004385 -82.743119 551.747469
 1890000.000000 3.370639 478.031966 -73.711982 551.743914
 1893000.000000 3.424806 483.537845 -68.202567 551.740378
 1896000.000000 3.287040 476.240864 -75.496022 551.736850
 1899000.000000 3.169721 469.712674 -82.020551 551.733189
 1902000.000000 3.148658 470.247594 -81.482004 551.729561
 1905000.000000 3.077913 467.006578 -84.719360 551.725901
 1908000.000000 2.873101 453.791362 -97.930824 551.722147
 1911000.000000 2.995446 465.246917 -86.471487 551.718368
 1914000.000000 2.830613 455.245384 -96.469268 551.714613
 1917000.000000 2.739480 451.411759 -100.299044 551.710763
 1920000.000000 2.615960 446.812307 -104.894495 551.706762
 1923000.000000 2.569648 447.187615 -104.515199 551.702774
 1926000.000000 2.624391 452.306852 -99.391995 551.698808
 1929000.000000 2.532667 450.677824 -101.017055 551.694839
 1932000.000000 2.507803 452.184679 -99.506272 551.690912
 1935000.000000 2.452453 452.811806 -98.875213 551.686979
 1938000.000000 2.474310 455.902317 -95.780782 551.683060
 1941000.000000 2.482759 458.503997 -93.175245 551.679204
 1944000.000000 2.629618 466.588910 -85.086522 551.675394
 1947000.000000 2.587815 466.914378 -84.757330 551.671671
 1950000.000000 2.584283 468.925474 -82.742503 551.667939
 1953000.000000 2.559775 470.036501 -81.627757 551.664221
 1956000.000000 2.533726 471.117839 -80.542691 551.660492
 1959000.000000 2.476413 471.035152 -80.621664 551.656779
 1962000.000000 2.475322 473.083399 -78.569721 551.653082
 1965000.000000 2.366804 471.494743 -80.154675 551.649380
 1968000.000000 2.380867 473.966609 -77.679128 551.645700
 1971000.000000 2.426261 477.499579 -74.142470 551.642013
 1974000.000000 2.397051 478.542127 -73.096259 551.638349
 1977000.000000 2.377853 479.911769 -71.722977 551.634710
 1980000.000000 2.540838 487.176602 -64.454575 551.631141
 1983000.000000 2.615895 491.407842 -60.219845 551.627652
 1986000.000000 2.542608 490.818019 -60.806194 551.624178
 1989000.000000 2.446211 489.339618 -62.281056 551.620639
 1992000.000000 2.457258 491.525757 -60.091408 551.617130
 1995000.000000 2.463996 493.533646 -58.080035 551.613647
 1998000.000000 2.452619 494.896789 -56.713433 551.610187
 2001000.000000 2.499128 498.171984 -53.434797 551.606747
 2004000.000000 2.423149 497.294287 -54.309083 551.603335
 2007000.000000 2.326468 495.299387 -56.300591 551.599943
 2010000.000000 2.448159 501.506216 -50.090363 551.596545
 2013000.000000 2.423013 502.202981 -49.390247 551.593195
 2016000.000000 2.542107 507.615477 -43.974395 551.589840
 2019000.000000 2.575283 510.004228 -41.582347 551.586542
 2022000.000000 2.421924 506.845382 -44.737891 551.583240
 2025000.000000 2.641687 514.300271 -37.279744 551.579983
 2028000.000000 2.714078 516.582052 -34.994738 551.576758
 2031000.000000 2.650793 517.336116 -34.237461 551.573545
 2034000.000000 2.616720 518.219482 -33.350888 551.570338
 2037000.000000 2.789192 520.960373 -30.606816 551.567157
 2040000.000000 2.745077 522.363688 -29.200329 551.563985
 2043000.000000 2.585705 521.639114 -29.921751 551.560834
 2046000.000000 2.570574 522.635864 -28.921844 551.557676
 2049000.000000 2.526892 522.714546 -28.840001 551.554516
 2052000.000000 2.616307 526.424374 -25.127042 551.551385
 2055000.000000 2.430924 521.535143 -30.013139 551.548250
 2058000.000000 2.219852 510.691781 -40.853277 551.545025
 2061000.000000 2.236426 513.284753 -38.256953 551.541673
 2064000.000000 2.092194 505.190516 -46.347784 551.538265
 2067000.000000 2.017276 502.018850 -49.515904 551.534719
 2070000.000000 2.087280 508.042591 -43.488716 551.531272
 2073000.000000 2.023401 505.482247 -46.045616 551.527829
 2076000.000000 1.911237 500.656895 -50.867447 551.524306
 2079000.000000 1.871468 500.441531 -51.079183 551.520679
 2082000.000000 1.823812 500.209385 -51.307751 551.517100
 2085000.000000 1.822033 501.760079 -49.753548 551.513592
 2088000.000000 1.878705 505.649711 -45.860452 551.510129
 2091000.000000 1.934361 509.906358 -41.600379 551.506703
 2094000.000000 1.861819 508.059560 -43.443811 551.503337
 2097000.000000 1.857245 509.416977 -42.083075 551.500019
 2100000.000000 1.854638 510.850935 -40.645865 551.496768
 2103000.000000 1.791808 510.056619 -41.437002 551.493590
 2106000.000000 1.859373 514.078229 -37.412303 551.490502
 2109000.000000 1.941000 519.222436 -32.265110 551.487516
 2112000.000000 1.785147 514.275400 -37.209267 551.484640
 2115000.000000 1.714260 513.884979 -37.597011 551.481965
 2118000.000000 1.697984 515.056937 -36.422609 551.479523
 2121000.000000 1.547639 516.297474 -35.180023 551.477482
 2124000.000000 1.620250 517.244801 -34.231228 551.476016
 2127000.000000 1.533986 519.394473 -32.081077 551.475550
 2130000.000000 1.639195 520.114857 -31.360346 551.475204
 2133000.000000 1.603194 521.479000 -29.996815 551.475828
 2136000.000000 1.598405 522.883539 -28.594259 551.477825
 2139000.000000 1.685657 524.669919 -26.810363 551.480309
 2142000.000000 1.576726 525.683077 -25.800685 551.483823
 2145000.000000 1.783435 529.182008 -22.306932 551.488980
 2148000.000000 1.746701 529.681139 -21.814358 551.495561
 2151000.000000 1.761754 531.289142 -20.213973 551.503195
 2154000.000000 1.813597 533.781892 -17.728923 551.510901
 2157000.000000 1.700083 532.628539 -18.892182 551.520863
 2160000.000000 1.649230 533.274911 -18.263935 551.539050
 2163000.000000 1.629267 534.384738 -17.176869 551.561876
 2166000.000000 1.793255 538.168265 -13.421646 551.590152
 2169000.000000 1.922507 542.531009 -9.084245 551.615493
 2172000.000000 1.811931 540.963767 -10.680011 551.644129
 2175000.000000 1.980915 546.277629 -5.400970 551.678973
 2178000.000000 1.834894 543.777610 -7.945340 551.723488
 2181000.000000 2.031933 549.654736 -2.126598 551.781995
 2184000.000000 1.987092 549.789250 -2.069627 551.859779
 2187000.000000 2.028272 551.786474 -0.177354 551.965054
 2190000.000000 2.041263 553.132418 1.027305 552.106770
 2193000.000000 1.913222 551.257997 -1.032088 552.292167
 2196000.000000 2.000625 554.442254 1.906643 552.538419
 2199000.000000 1.889081 552.732503 -0.104374 552.840188
 2202000.000000 1.840674 552.430379 -0.765956 553.200198
 2205000.000000 1.836052 553.345258 -0.291697 553.641508
 2208000.000000 1.896553 556.145505 2.027949 554.123000
 2211000.000000 2.049282 560.473741 5.759931 554.720420
 2214000.000000 1.915502 558.696148 3.308475 555.394506
 2217000.000000 1.693791 553.106643 -2.874025 555.986530
 2220000.000000 1.780923 556.817150 0.215756 556.608214
 2223000.000000 1.643852 553.871289 -3.345526 557.222820
 2226000.000000 1.745286 557.824914 -0.039124 557.871091
 2229000.000000 1.726578 558.308364 -0.234189 558.549652
 2232000.000000 1.798145 561.455066 2.161933 559.300909
 2235000.000000 1.788918 562.196846 2.145555 560.059129
 2238000.000000 1.824370 564.208134 3.364516 560.851773
 2241000.000000 1.733520 562.529890 0.927294 561.610215
 2244000.000000 1.791179 565.241199 2.897798 562.351480
 2247000.000000 1.678341 562.842669 -0.271162 563.121135
 2250000.000000 1.700762 564.497586 0.617210 563.887907
 2253000.000000 1.672772 564.627803 -0.004411 564.639563
 2256000.000000 1.624739 564.189835 -1.191329 565.388144
 2259000.000000 1.560745 563.493367 -2.556806 566.056612
 2262000.000000 1.574299 564.788373 -1.971889 566.766878
 2265000.000000 1.620323 566.994849 -0.420986 567.422908
 2268000.000000 1.528819 565.674368 -2.384975 568.065632
 2271000.000000 1.542028 566.935670 -1.753056 568.695194
 2274000.000000 1.443765 566.115789 -3.202548 569.323895
 2277000.000000 1.399458 566.602235 -3.263380 569.870789
 2280000.000000 1.534825 569.619258 -0.804535 570.430348
 2283000.000000 1.419806 568.702788 -2.279077 570.987384
 2286000.000000 1.361970 569.194027 -2.297550 571.496591
 2289000.000000 1.348323 570.068986 -1.951604 572.025546
 2292000.000000 1.312327 570.907245 -1.562399 572.474331
 2295000.000000 1.225847 571.886983 -1.012700 572.903642
 2298000.000000 1.317624 572.763294 -0.613823 573.382042
 2301000.000000 1.312705 573.668136 -0.236956 573.910063
 2304000.000000 1.499272 576.011591 1.517385 574.500885
 2307000.000000 1.429640 576.077615 0.969255 575.114536
 2310000.000000 1.326245 576.327661 0.591260 575.741738
 2313000.000000 1.410838 577.682120 1.340327 576.347936
 2316000.000000 1.524143 579.872354 2.865553 577.013803
 2319000.000000 1.495885 580.346736 2.666225 577.687361
 2322000.000000 1.422332 580.358161 1.989435 578.375087
 2325000.000000 1.370943 580.785241 1.769044 579.022208
 2328000.000000 1.401405 581.880858 2.234859 579.652300
 2331000.000000 1.337707 582.272240 2.029917 580.248195
 2334000.000000 1.431692 583.847864 2.985876 580.868597
 2337000.000000 1.493208 585.335414 3.825364 581.517040
 2340000.000000 1.423293 585.429263 3.235303 582.200574
 2343000.000000 1.436753 586.361151 3.454680 582.913173
 2346000.000000 1.520931 588.112297 4.490404 583.629010
 2349000.000000 1.504330 588.720301 4.385242 584.342102
 2352000.000000 1.494338 589.402108 4.357380 585.051722
 2355000.000000 1.510808 590.396499 4.653866 585.749690
 2358000.000000 1.346963 589.383431 2.979420 586.410196
 2361000.000000 1.308838 589.803685 2.782637 587.027011
 2364000.000000 1.249216 589.963076 2.336012 587.632645
 2367000.000000 1.432800 592.621005 4.348214 588.279542
 2370000.000000 1.504865 594.146322 5.191795 588.961547
 2373000.000000 1.341908 593.223466 3.598897 589.630846
 2376000.000000 1.501063 595.633730 5.324184 590.316528
 2379000.000000 1.472711 596.104331 5.102405 591.008805
 2382000.000000 1.552393 597.621401 5.925802 591.702648
 2385000.000000 1.498684 597.868408 5.474165 592.401159
 2388000.000000 1.500833 598.636030 5.562245 593.080688
 2391000.000000 1.540603 599.748387 5.983857 593.771488
 2394000.000000 1.348346 598.319409 3.875691 594.449993
 2397000.000000 1.481095 600.646949 5.523846 595.129893
 2400000.000000 1.473534 601.291370 5.521970 595.776154
 2403000.000000 1.481468 602.099793 5.662127 596.444420
 2406000.000000 1.421030 602.145802 5.047424 597.104935
 2409000.000000 1.504123 603.743336 6.002132 597.747963
 2412000.000000 1.340880 602.508360 4.157343 598.357234
 2415000.000000 1.329661 603.060263 4.105256 598.961176
 2418000.000000 1.252537 602.417514 2.852953 599.570335
 2421000.000000 1.378936 605.178848 4.999166 600.186057
 2424000.000000 1.377466 605.862366 5.070281 600.798446
 2427000.000000 1.370109 606.467156 5.044782 601.428699
 2430000.000000 1.289501 605.908504 3.853465 602.061018
 2433000.000000 1.339966 607.437792 4.784629 602.659360
 2436000.000000 1.500666 609.713659 6.438596 603.281615
 2439000.000000 1.420656 609.795378 5.880210 603.921579
 2442000.000000 1.450264 610.733452 6.170921 604.568973
 2445000.000000 1.599313 611.794467 6.589905 605.210998
 2448000.000000 1.744680 610.748565 4.952190 605.802453
 2451000.000000 1.786799 610.413605 4.002090 606.417431
 2454000.000000 1.841436 609.398456 2.389814 607.014331
 2457000.000000 1.686228 613.723983 6.114362 607.615832
 2460000.000000 1.749875 613.288283 5.055422 608.238880
 2463000.000000 1.502238 615.330026 6.474740 608.861576
 2466000.000000 1.763977 614.214115 4.734687 609.485365
 2469000.000000 1.596749 616.928442 6.834398 610.100294
 2472000.000000 1.704755 616.681055 5.973140 610.713980
 2475000.000000 1.668479 617.793154 6.477453 611.321817
 2478000.000000 1.833659 614.597517 2.696580 611.906580
 2481000.000000 1.890719 612.919081 0.492456 612.432044
 2484000.000000 1.898893 613.197591 0.227834 612.975146
 2487000.000000 1.865913 615.313959 1.803641 613.515843
 2490000.000000 2.049780 605.737114 -8.307194 614.048987
 2493000.000000 2.073993 604.754123 -9.764252 614.522945
 2496000.000000 2.326910 585.362995 -29.536548 614.902623
 2499000.000000 2.413725 578.721981 -36.513613 615.238174
 2502000.000000 2.288031 590.271956 -25.288947 615.564287
 2505000.000000 2.495221 573.347550 -42.497265 615.846977
 2508000.000000 2.755170 552.602692 -63.417268 616.020920
 2511000.000000 2.739168 554.990451 -61.113854 616.105328
 2514000.000000 2.886804 544.615492 -71.548829 616.164883
 2517000.000000 2.828677 550.142736 -66.097038 616.240499
 2520000.000000 2.895620 546.193103 -70.103030 616.296677
 2523000.000000 2.929838 544.795238 -71.557955 616.353660
 2526000.000000 2.923501 546.415713 -69.981206 616.397399
 2529000.000000 3.006826 541.684964 -74.739687 616.424968
 2532000.000000 3.125327 535.220633 -81.225800 616.446588
 2535000.000000 3.102013 537.902510 -78.554117 616.456807
 2538000.000000 3.310076 528.026095 -88.441750 616.467868
 2541000.000000 3.335313 528.234745 -88.234694 616.469451
 2544000.000000 3.425999 525.856562 -90.614679 616.471230
 2547000.000000 3.345957 530.397821 -86.073691 616.471521
 2550000.000000 3.344767 531.738385 -84.734232 616.472626
 2553000.000000 3.458555 528.488083 -87.983976 616.472041
 2556000.000000 3.640024 522.873477 -93.596418 616.469868
 2559000.000000 3.586527 526.339347 -90.127933 616.467255
 2562000.000000 3.736941 521.414372 -95.050200 616.464545
 2565000.000000 3.975973 509.572266 -106.889538 616.461776
 2568000.000000 4.055216 505.906681 -110.552312 616.458964
 2571000.000000 4.187708 498.677090 -117.779054 616.456115
 2574000.000000 4.292139 494.033792 -122.419392 616.453154
 2577000.000000 4.363460 492.073609 -124.376584 616.450163
 2580000.000000 4.488147 488.873493 -127.573741 616.447203
 2583000.000000 4.195968 504.857032 -111.587235 616.444238
 2586000.000000 4.330183 498.765401 -117.675969 616.441341
 2589000.000000 4.348902 499.474207 -116.964217 616.438395
 2592000.000000 4.340961 501.533437 -114.902057 616.435465
 2595000.000000 4.394590 500.593903 -115.838651 616.432525
 2598000.000000 4.462436 499.408222 -117.021403 616.429595
 2601000.000000 4.521823 499.076791 -117.349852 616.426614
 2604000.000000 4.664354 497.970211 -118.453475 616.423656
 2607000.000000 4.704285 499.399520 -117.021203 616.420693
 2610000.000000 4.794422 501.285730 -115.132054 616.417756
 2613000.000000 4.835945 503.363979 -113.050889 616.414839
 2616000.000000 4.799037 504.560469 -111.851499 616.411939
 2619000.000000 4.748309 505.815651 -110.593427 616.409049
 2622000.000000 4.692954 507.338680 -109.067515 616.406166
 2625000.000000 4.631629 509.219708 -107.183612 616.403292
 2628000.000000 4.584856 511.237594 -105.162867 616.400433
 2631000.000000 4.611123 512.444727 -103.952890 616.397589
 2634000.000000 4.761241 513.462035 -102.932757 616.394764
 2637000.000000 5.030752 518.237229 -98.154780 616.391981
 2640000.000000 4.980782 518.743103 -97.646156 616.389232
 2643000.000000 5.027861 521.011818 -95.374700 616.386490
 2646000.000000 4.954083 521.074968 -95.308832 616.383773
 2649000.000000 4.895879 521.542200 -94.838870 616.381043
 2652000.000000 4.877806 522.671267 -93.707064 616.378303
 2655000.000000 5.010658 526.143409 -90.232224 616.375607
 2658000.000000 5.194549 530.594701 -85.778282 616.372957
 2661000.000000 5.057239 529.483565 -86.886798 616.370336
 2664000.000000 5.153010 532.452588 -83.915165 616.367727
 2667000.000000 4.909853 529.066983 -87.298132 616.365088
 2670000.000000 4.908780 530.333337 -86.029126 616.362435
 2673000.000000 4.988602 533.164160 -83.195684 616.359817
 2676000.000000 5.178237 537.696768 -78.660488 616.357230
 2679000.000000 4.995724 535.722089 -80.632572 616.354635
 2682000.000000 5.018743 537.422709 -78.929349 616.352033
 2685000.000000 4.994158 538.137622 -78.211805 616.349401
 2688000.000000 5.137351 541.732940 -74.613907 616.346821
 2691000.000000 4.898264 538.423824 -77.920460 616.344259
 2694000.000000 5.001508 541.850560 -74.491123 616.341657
 2697000.000000 4.720751 536.432397 -79.906694 616.339065
 2700000.000000 4.626132 535.399966 -80.936498 616.336437
 2703000.000000 4.547870 535.094989 -81.238777 616.333739
 2706000.000000 4.654517 538.444007 -77.887098 616.331078
 2709000.000000 4.465836 536.320295 -80.008147 616.328415
 2712000.000000 4.451927 537.383029 -78.942737 616.325740
 2715000.000000 4.232296 537.550084 -78.773017 616.323074
 2718000.000000 4.410457 539.366988 -76.953455 616.320416
 2721000.000000 4.512493 541.657455 -74.660346 616.317774
 2724000.000000 4.526252 543.012648 -73.302529 616.315151
 2727000.000000 4.381407 542.622839 -73.689721 616.312534
 2730000.000000 4.510319 545.062584 -71.247359 616.309917
 2733000.000000 4.391978 544.959651 -71.347703 616.307328
 2736000.000000 4.583567 548.257702 -68.047068 616.304745
 2739000.000000 4.500729 548.288721 -68.013496 616.302191
 2742000.000000 4.559538 550.157225 -66.142429 616.299629
 2745000.000000 4.532747 550.904065 -65.393043 616.297082
 2748000.000000 4.455660 551.014529 -65.280027 616.294531
 2751000.000000 4.287324 550.209109 -66.082883 616.291967
 2754000.000000 4.214335 550.585628 -65.703803 616.289406
 2757000.000000 4.282022 552.298785 -63.988086 616.286846
 2760000.000000 4.161835 552.250487 -64.033839 616.284300
 2763000.000000 4.139580 553.075723 -63.206069 616.281766
 2766000.000000 4.309163 555.717975 -60.561288 616.279238
 2769000.000000 4.455267 557.897979 -58.378779 616.276733
 2772000.000000 4.464021 558.989009 -57.285253 616.274237
 2775000.000000 4.422968 559.712798 -56.558976 616.271749
 2778000.000000 4.561939 561.544210 -54.725088 616.269274
 2781000.000000 4.401141 561.528894 -54.737939 616.266808
 2784000.000000 4.426080 562.732984 -53.531384 616.264344
 2787000.000000 4.197394 561.077594 -55.184313 616.261882
 2790000.000000 4.107387 560.532539 -55.726892 616.259406
 2793000.000000 4.120790 561.783997 -54.472961 616.256933
 2796000.000000 4.105697 562.501242 -53.753246 616.254463
 2799000.000000 4.236960 565.585229 -50.666800 616.252005
 2802000.000000 3.825840 556.965268 -59.284312 616.249554
 2805000.000000 4.071667 564.687976 -51.559095 616.247046
 2808000.000000 4.163719 567.315688 -48.928929 616.244593
 2811000.000000 4.297555 569.745317 -46.496880 616.242174
 2814000.000000 4.364316 570.979849 -45.259937 616.239762
 2817000.000000 4.369147 571.918090 -44.319300 616.237366
 2820000.000000 4.286277 572.443929 -43.791071 616.234976
 2823000.000000 4.113159 570.954326 -45.278282 616.232585
 2826000.000000 3.949101 567.461124 -48.769079 616.230179
 2829000.000000 4.092382 572.341770 -43.885974 616.227720
 2832000.000000 4.080694 573.008349 -43.216991 616.225316
 2835000.000000 4.313465 576.697665 -39.525300 616.222941
 2838000.000000 4.186802 576.652998 -39.567612 616.220586
 2841000.000000 4.321013 578.440193 -37.778064 616.218234
 2844000.000000 3.925499 571.670707 -44.545176 616.215859
 2847000.000000 3.841327 569.121679 -47.091803 616.213458
 2850000.000000 4.108892 578.837504 -37.373609 616.211090
 2853000.000000 4.372883 581.283887 -34.924897 616.208761
 2856000.000000 4.503146 580.591509 -35.614938 616.206424
 2859000.000000 4.671878 577.696913 -38.507189 616.204078
 2862000.000000 4.828383 573.752023 -42.449718 616.201717
 2865000.000000 4.887530 572.583185 -43.616153 616.199313
 2868000.000000 4.982448 570.007599 -46.189308 616.196883
 2871000.000000 5.199145 562.473098 -53.721367 616.194440
 2874000.000000 5.111366 566.928830 -49.263169 616.191974
 2877000.000000 5.322246 559.539797 -56.649740 616.189512
 2880000.000000 5.654088 547.645427 -68.541622 616.187024
 2883000.000000 5.656445 548.678723 -67.505819 616.184517
 2886000.000000 5.689757 548.556625 -67.625418 616.182019
 2889000.000000 5.873909 543.103009 -73.076538 616.179522
 2892000.000000 6.007951 539.789329 -76.387719 616.177022
 2895000.000000 6.095459 538.244681 -77.929869 616.174525
 2898000.000000 6.045680 540.944537 -75.227526 616.172038
 2901000.000000 6.027833 542.688993 -73.480590 616.169558
 2904000.000000 6.239747 537.345607 -78.821502 616.167084
 2907000.000000 6.020764 545.223152 -70.941490 616.164618
 2910000.000000 6.060877 545.115721 -71.046470 616.162167
 2913000.000000 6.326095 537.969931 -78.189810 616.159717
 2916000.000000 6.396249 536.992955 -79.164338 616.157269
 2919000.000000 6.462215 536.175652 -79.979197 616.154824
 2922000.000000 6.660950 531.164247 -84.988164 616.152386
 2925000.000000 6.632125 533.346584 -82.803396 616.149956
 2928000.000000 6.847399 527.666577 -88.480980 616.147533
 2931000.000000 6.965667 525.127285 -91.017854 616.145115
 2934000.000000 6.997982 525.438807 -90.703922 616.142706
 2937000.000000 6.921372 529.230556 -86.909774 616.140306
 2940000.000000 7.166317 522.311556 -93.826383 616.137916
 2943000.000000 6.970743 530.262132 -85.873427 616.135535
 2946000.000000 6.956889 531.995030 -84.138157 616.133163
 2949000.000000 7.168862 526.009400 -90.121423 616.130800
 2952000.000000 7.149937 528.030397 -88.098072 616.128445
 2955000.000000 7.278991 524.079675 -92.046449 616.126100
 2958000.000000 7.261965 526.149472 -89.974311 616.123760
 2961000.000000 7.335486 524.202282 -91.919143 616.121402
 2964000.000000 7.267440 528.598285 -87.520811 616.119073
 2967000.000000 7.562803 514.403424 -101.713332 616.116733
 2970000.000000 7.562189 515.887079 -100.227311 616.114366
 2973000.000000 7.675877 510.090157 -106.021858 616.111991
 2976000.000000 7.712904 509.162429 -106.947191 616.109596
 2979000.000000 7.719861 510.286798 -105.820394 616.107168
 2982000.000000 8.034758 491.055125 -125.049599 616.104700
 2985000.000000 7.876237 502.995947 -113.106347 616.102270
 2988000.000000 7.931645 500.862657 -115.237239 616.099872
 2991000.000000 7.967503 500.172662 -115.924799 616.097437
 2994000.000000 8.036112 497.396456 -118.698577 616.095009
 2997000.000000 8.178122 490.365684 -125.726902 616.092561
 3000000.000000 8.359542 481.980428 -134.109708 616.090111