#! FIELDS time c_all.mean c_N_N.mean c_P_P.mean c_N_P.mean
 0.000000 1.000000 0.000000 0.000000 1.000000
 3000.000000 0.261987 0.077463 0.182664 0.131924
 6000.000000 0.300511 0.082374 0.096413 0.211117
 9000.000000 0.341226 0.104721 0.115544 0.231093
 12000.000000 0.409784 0.110330 0.177300 0.265969
 15000.000000 0.448451 0.102290 0.140935 0.326838
 18000.000000 0.493835 0.112395 0.151669 0.361803
 21000.000000 0.479939 0.081478 0.140238 0.369082
 24000.000000 0.497991 0.106140 0.113614 0.388114
 27000.000000 0.540917 0.096501 0.160601 0.412366
 30000.000000 0.592831 0.132269 0.162336 0.445529
 33000.000000 0.626478 0.163218 0.173827 0.457955
 36000.000000 0.660489 0.137665 0.190579 0.496367
 39000.000000 0.714653 0.135195 0.173558 0.560277
 42000.000000 0.679708 0.175995 0.142635 0.520393
 45000.000000 0.699683 0.200425 0.138036 0.530453
 48000.000000 0.652264 0.120173 0.127456 0.528450
 51000.000000 0.749817 0.185678 0.191848 0.561053
 54000.000000 0.812700 0.214815 0.226430 0.592078
 57000.000000 0.850963 0.232958 0.200514 0.634227
 60000.000000 0.903802 0.215480 0.291995 0.650064
 63000.000000 0.880340 0.171185 0.278151 0.655672
 66000.000000 0.834042 0.169823 0.202672 0.647795
 69000.000000 0.905333 0.189895 0.248464 0.686153
 72000.000000 0.961591 0.214603 0.316426 0.696076
 75000.000000 0.915310 0.220962 0.247515 0.681072
 78000.000000 1.042344 0.250996 0.355779 0.738957
 81000.000000 0.956882 0.201060 0.307380 0.702663
 84000.000000 1.025241 0.258568 0.309283 0.741315
 87000.000000 0.927191 0.204467 0.268394 0.690760
 90000.000000 0.996938 0.205098 0.313333 0.737722
 93000.000000 1.017552 0.241240 0.300521 0.746671
 96000.000000 1.107331 0.251291 0.407881 0.777745
 99000.000000 1.142813 0.275637 0.350487 0.829751
 102000.000000 1.137419 0.334354 0.305221 0.817632
 105000.000000 1.203128 0.377716 0.368398 0.830071
 108000.000000 1.178200 0.264945 0.443582 0.823936
 111000.000000 1.231265 0.284177 0.452217 0.863069
 114000.000000 1.043147 0.215457 0.288586 0.791126
 117000.000000 1.149238 0.277668 0.300730 0.860039
 120000.000000 1.107132 0.248694 0.337475 0.814048
 123000.000000 1.091659 0.320706 0.319220 0.771696
 126000.000000 1.225039 0.376168 0.403667 0.835121
 129000.000000 1.049766 0.262477 0.305262 0.765897
 132000.000000 1.090104 0.268569 0.298970 0.806335
 135000.000000 1.027176 0.247076 0.319726 0.743776
 138000.000000 1.064180 0.242485 0.339258 0.773309
 141000.000000 1.036676 0.277007 0.293887 0.751230
 144000.000000 0.973573 0.138782 0.326294 0.741035
 147000.000000 0.956267 0.169284 0.289329 0.726960
 150000.000000 1.019991 0.203091 0.281593 0.777649
 153000.000000 1.066071 0.262779 0.275888 0.796738
 156000.000000 1.138011 0.330103 0.328825 0.808547
 159000.000000 1.105071 0.280676 0.324738 0.802364
 162000.000000 1.055250 0.303105 0.293187 0.757103
 165000.000000 1.071837 0.287982 0.328362 0.763665
 168000.000000 1.039749 0.272063 0.289038 0.759198
 171000.000000 1.057764 0.227107 0.378157 0.755132
 174000.000000 1.130746 0.284423 0.393675 0.791697
 177000.000000 1.106385 0.310508 0.322840 0.789711
 180000.000000 1.063650 0.242882 0.350996 0.766711
 183000.000000 1.131272 0.326103 0.318028 0.809206
 186000.000000 1.143937 0.313688 0.350940 0.811623
 189000.000000 1.163610 0.389546 0.302254 0.817710
 192000.000000 1.176470 0.326778 0.363109 0.831527
 195000.000000 1.231720 0.339585 0.413281 0.855287
 198000.000000 1.224972 0.283757 0.436747 0.864720
 201000.000000 1.225376 0.309622 0.407091 0.867020
 204000.000000 1.278201 0.335079 0.482565 0.869379
 207000.000000 1.434488 0.449417 0.509806 0.954877
 210000.000000 1.555078 0.461982 0.628193 1.009991
 213000.000000 1.539191 0.472483 0.656626 0.974637
 216000.000000 1.492273 0.460421 0.539368 0.992379
 219000.000000 1.490755 0.459308 0.569816 0.976193
 222000.000000 1.334161 0.379718 0.492436 0.898084
 225000.000000 1.382659 0.397185 0.549149 0.909492
 228000.000000 1.497648 0.445769 0.594258 0.977635
 231000.000000 1.418217 0.393420 0.558164 0.942426
 234000.000000 1.504524 0.438655 0.613114 0.978639
 237000.000000 1.389916 0.352912 0.574713 0.926104
 240000.000000 1.500796 0.443772 0.593360 0.982229
 243000.000000 1.448617 0.406016 0.518083 0.986567
 246000.000000 1.587324 0.445766 0.641915 1.043484
 249000.000000 1.601423 0.477803 0.582921 1.071061
 252000.000000 1.630713 0.528233 0.628472 1.052360
 255000.000000 1.604541 0.538772 0.576812 1.046749
 258000.000000 1.471253 0.367926 0.588695 0.992943
 261000.000000 1.353308 0.327688 0.566775 0.906077
 264000.000000 1.206781 0.344101 0.405550 0.831955
 267000.000000 1.150718 0.317709 0.387119 0.798304
 270000.000000 1.313620 0.355315 0.487296 0.892315
 273000.000000 1.134587 0.284984 0.375983 0.804104
 276000.000000 1.156873 0.325767 0.381189 0.803395
 279000.000000 1.145223 0.349933 0.328717 0.805898
 282000.000000 1.195749 0.356618 0.325981 0.854450
 285000.000000 1.208574 0.328894 0.373453 0.857401
 288000.000000 1.239541 0.320963 0.395772 0.881173
 291000.000000 1.266378 0.348532 0.414485 0.884870
 294000.000000 1.240424 0.365981 0.362630 0.876119
 297000.000000 1.372560 0.412401 0.410382 0.961169
 300000.000000 1.201356 0.316641 0.353025 0.866523
 303000.000000 1.329857 0.363912 0.501537 0.897132
 306000.000000 1.305106 0.352873 0.469638 0.893851
 309000.000000 1.178973 0.348460 0.359372 0.825057
 312000.000000 1.296599 0.345875 0.479681 0.883821
 315000.000000 1.231842 0.359319 0.390524 0.856921
 318000.000000 1.315001 0.440919 0.393801 0.897640
 321000.000000 1.239910 0.361259 0.339238 0.889661
 324000.000000 1.230035 0.309718 0.443663 0.853344
 327000.000000 1.218971 0.272551 0.423487 0.870952
 330000.000000 1.158477 0.289283 0.420370 0.803650
 333000.000000 1.114927 0.233960 0.419117 0.788389
 336000.000000 1.202524 0.331589 0.412713 0.830373
 339000.000000 1.189201 0.305219 0.387855 0.842664
 342000.000000 1.177833 0.293883 0.367148 0.847317
 345000.000000 1.170577 0.246774 0.388604 0.852889
 348000.000000 1.216617 0.267927 0.385558 0.889874
 351000.000000 1.308673 0.263392 0.516179 0.918887
 354000.000000 1.257422 0.281608 0.367306 0.932965
 357000.000000 1.270184 0.338875 0.338887 0.931304
 360000.000000 1.237148 0.292984 0.449979 0.865666
 363000.000000 1.201722 0.337455 0.328218 0.868886
 366000.000000 1.094461 0.274550 0.311619 0.801377
 369000.000000 1.189326 0.316601 0.378424 0.841813
 372000.000000 1.163927 0.304276 0.383030 0.820275
 375000.000000 1.241249 0.367705 0.347165 0.883814
 378000.000000 1.283109 0.391014 0.422292 0.876456
 381000.000000 1.253600 0.300677 0.465870 0.870327
 384000.000000 1.196042 0.264822 0.370112 0.878575
 387000.000000 1.336224 0.434236 0.375996 0.931108
 390000.000000 1.493983 0.501185 0.501796 0.992492
 393000.000000 1.458575 0.443262 0.466685 1.003602
 396000.000000 1.392489 0.372614 0.477690 0.967337
 399000.000000 1.527417 0.364253 0.657178 1.016702
 402000.000000 1.492315 0.422179 0.545634 1.008408
 405000.000000 1.564143 0.448650 0.619228 1.030204
 408000.000000 1.701097 0.599080 0.634959 1.084078
 411000.000000 1.608576 0.466088 0.716157 1.017453
 414000.000000 1.639450 0.526450 0.650044 1.051203
 417000.000000 1.422044 0.387484 0.539192 0.958706
 420000.000000 1.492730 0.406215 0.638583 0.970331
 423000.000000 1.468147 0.389836 0.593701 0.976378
 426000.000000 1.522774 0.465489 0.531376 1.024341
 429000.000000 1.336412 0.357786 0.482721 0.916159
 432000.000000 1.393250 0.395788 0.532991 0.928861
 435000.000000 1.402314 0.395638 0.506097 0.951446
 438000.000000 1.341455 0.368778 0.499402 0.907365
 441000.000000 1.472861 0.377370 0.612176 0.978088
 444000.000000 1.550019 0.453301 0.566070 1.040333
 447000.000000 1.408560 0.401885 0.497974 0.958630
 450000.000000 1.330766 0.389129 0.363031 0.954686
 453000.000000 1.424532 0.430187 0.520396 0.949241
 456000.000000 1.451316 0.369387 0.536018 0.998614
 459000.000000 1.463783 0.409847 0.532147 0.992786
 462000.000000 1.435274 0.376995 0.583511 0.955022
 465000.000000 1.314742 0.442749 0.457923 0.864405
 468000.000000 1.275265 0.364996 0.506131 0.839702
 471000.000000 1.368104 0.386142 0.483883 0.933092
 474000.000000 1.433016 0.413814 0.493988 0.979115
 477000.000000 1.393582 0.440106 0.557516 0.894770
 480000.000000 1.472237 0.487579 0.510179 0.973358
 483000.000000 1.373612 0.409223 0.499375 0.919313
 486000.000000 1.451442 0.432745 0.566403 0.951868
 489000.000000 1.493246 0.401386 0.599379 0.992863
 492000.000000 1.418054 0.392260 0.565094 0.939377
 495000.000000 1.495175 0.520717 0.517878 0.975878
 498000.000000 1.604244 0.443186 0.717065 1.024118
 501000.000000 1.533717 0.516436 0.578853 0.986072
 504000.000000 1.543501 0.470130 0.606154 1.005359
 507000.000000 1.419458 0.328510 0.574409 0.967999
 510000.000000 1.495088 0.456308 0.527687 1.003091
 513000.000000 1.321111 0.382380 0.442549 0.908646
 516000.000000 1.262929 0.288121 0.475278 0.881230
 519000.000000 1.329187 0.315736 0.477030 0.932804
 522000.000000 1.295666 0.368731 0.414432 0.904085
 525000.000000 1.312848 0.376278 0.414634 0.917392
 528000.000000 1.268065 0.382229 0.341291 0.906305
 531000.000000 1.421987 0.438889 0.516427 0.944329
 534000.000000 1.264036 0.352776 0.401397 0.886950
 537000.000000 1.276206 0.375967 0.450028 0.863209
 540000.000000 1.241839 0.359642 0.405957 0.859039
 543000.000000 1.229662 0.446668 0.353888 0.829384
 546000.000000 1.247516 0.358887 0.415687 0.860229
 549000.000000 1.260422 0.392137 0.355700 0.886504
 552000.000000 1.210795 0.355577 0.355380 0.855317
 555000.000000 1.168853 0.286388 0.373333 0.838993
 558000.000000 1.206110 0.264313 0.437343 0.855282
 561000.000000 1.241605 0.284574 0.461218 0.868709
 564000.000000 1.202890 0.387269 0.378391 0.820060
 567000.000000 1.175198 0.325946 0.381417 0.821517
 570000.000000 1.261906 0.290144 0.521504 0.856083
 573000.000000 1.203252 0.292444 0.471719 0.821170
 576000.000000 1.099164 0.257487 0.383396 0.778723
 579000.000000 1.055433 0.233499 0.289103 0.794132
 582000.000000 1.036166 0.257476 0.344493 0.735182
 585000.000000 0.989703 0.208251 0.316787 0.727184
 588000.000000 1.051807 0.275520 0.337420 0.745337
 591000.000000 1.015679 0.216741 0.336696 0.738961
 594000.000000 0.999748 0.217979 0.326824 0.727347
 597000.000000 1.000558 0.206697 0.306537 0.743940
 600000.000000 0.972528 0.234150 0.291730 0.709588
 603000.000000 1.018695 0.209855 0.308546 0.759495
 606000.000000 1.113103 0.324177 0.308000 0.797015
 609000.000000 1.072062 0.327846 0.276379 0.769949
 612000.000000 1.087180 0.269076 0.289796 0.807744
 615000.000000 1.038585 0.227178 0.281799 0.784097
 618000.000000 1.190861 0.239420 0.407477 0.867412
 621000.000000 1.079668 0.245409 0.320627 0.796651
 624000.000000 1.140142 0.294135 0.367914 0.809118
 627000.000000 1.150864 0.288112 0.353752 0.829932
 630000.000000 1.140387 0.308268 0.303771 0.834368
 633000.000000 1.114160 0.266131 0.330617 0.815785
 636000.000000 1.111177 0.230825 0.306665 0.842432
 639000.000000 1.160274 0.282592 0.332608 0.852674
 642000.000000 1.234600 0.313941 0.411360 0.871949
 645000.000000 1.248518 0.293314 0.423812 0.889955
 648000.000000 1.236233 0.306933 0.439159 0.863186
 651000.000000 1.355219 0.362545 0.494154 0.926870
 654000.000000 1.299105 0.339230 0.437930 0.910525
 657000.000000 1.490781 0.423710 0.569862 0.993995
 660000.000000 1.375604 0.392447 0.492990 0.932885
 663000.000000 1.378272 0.374960 0.493353 0.944116
 666000.000000 1.385444 0.350507 0.465887 0.977247
 669000.000000 1.264606 0.363558 0.391955 0.886850
 672000.000000 1.490303 0.427697 0.504817 1.024045
 675000.000000 1.457101 0.459066 0.475864 0.989636
 678000.000000 1.525706 0.445683 0.575597 1.015066
 681000.000000 1.433381 0.386187 0.549399 0.965588
 684000.000000 1.416937 0.415148 0.522635 0.948046
 687000.000000 1.498390 0.487319 0.576189 0.966636
 690000.000000 1.495142 0.432194 0.654658 0.951716
 693000.000000 1.388185 0.426114 0.522488 0.913884
 696000.000000 1.436756 0.442570 0.508448 0.961247
 699000.000000 1.387757 0.467618 0.468000 0.919948
 702000.000000 1.349597 0.380074 0.495332 0.911894
 705000.000000 1.510231 0.444131 0.634882 0.970725
 708000.000000 1.468694 0.349071 0.649825 0.969246
 711000.000000 1.477729 0.372198 0.657430 0.962915
 714000.000000 1.605407 0.510905 0.629986 1.034961
 717000.000000 1.623146 0.505709 0.661512 1.039536
 720000.000000 1.746226 0.551562 0.692648 1.124122
 723000.000000 1.645012 0.466391 0.721512 1.051060
 726000.000000 1.755446 0.484032 0.839771 1.093545
 729000.000000 1.586892 0.487831 0.660126 1.012914
 732000.000000 1.540171 0.476813 0.580994 1.011267
 735000.000000 1.703650 0.470824 0.771155 1.082661
 738000.000000 1.661493 0.539899 0.656666 1.063210
 741000.000000 1.712948 0.541288 0.739327 1.072640
 744000.000000 1.615829 0.545753 0.654934 1.015485
 747000.000000 1.660605 0.495418 0.650549 1.087622
 750000.000000 1.631449 0.540123 0.703814 1.009480
 753000.000000 1.721622 0.629987 0.696923 1.058167
 756000.000000 1.813619 0.552569 0.784821 1.144923
 759000.000000 1.817334 0.611614 0.788040 1.117507
 762000.000000 1.725357 0.576013 0.788454 1.043123
 765000.000000 1.782121 0.546351 0.777376 1.120257
 768000.000000 1.637374 0.515932 0.676476 1.041170
 771000.000000 1.778314 0.593292 0.698302 1.132517
 774000.000000 1.784460 0.539724 0.838199 1.095498
 777000.000000 1.642300 0.478817 0.747679 1.029052
 780000.000000 1.717655 0.564137 0.690598 1.090288
 783000.000000 1.807297 0.532118 0.799133 1.141671
 786000.000000 1.836763 0.614718 0.799062 1.129873
 789000.000000 1.920329 0.598829 0.918998 1.161415
 792000.000000 2.056665 0.730063 0.917925 1.232672
 795000.000000 2.115755 0.741130 0.963019 1.263681
 798000.000000 2.224340 0.813321 0.970787 1.332286
 801000.000000 2.359528 0.866263 1.015968 1.418412
 804000.000000 2.347951 0.860891 1.096922 1.369045
 807000.000000 2.428650 0.895202 1.120559 1.420770
 810000.000000 2.475394 0.823752 1.284060 1.421488
 813000.000000 2.502584 0.937752 1.230977 1.418220
 816000.000000 2.510833 0.857096 1.291814 1.436378
 819000.000000 2.481043 0.831822 1.214831 1.457717
 822000.000000 2.515645 0.858137 1.224278 1.474437
 825000.000000 2.384730 0.815671 1.180065 1.386862
 828000.000000 2.326780 0.850018 1.108517 1.347513
 831000.000000 2.406139 0.877589 1.175367 1.379661
 834000.000000 2.323575 0.811539 1.092719 1.371446
 837000.000000 2.426505 0.886117 1.101633 1.432630
 840000.000000 2.555434 0.916665 1.257590 1.468306
 843000.000000 2.640884 0.882696 1.380248 1.509412
 846000.000000 2.609192 1.021374 1.170910 1.513050
 849000.000000 2.739602 0.993269 1.380577 1.552679
 852000.000000 2.663088 1.006691 1.263659 1.527913
 855000.000000 2.660064 0.951463 1.311683 1.528491
 858000.000000 2.643120 0.951842 1.298835 1.517782
 861000.000000 2.811974 0.993813 1.479494 1.575321
 864000.000000 2.971552 0.989355 1.638192 1.657778
 867000.000000 3.002099 1.015974 1.617781 1.685222
 870000.000000 3.126412 1.095136 1.690490 1.733599
 873000.000000 3.030307 1.105598 1.601135 1.676941
 876000.000000 2.983779 1.001588 1.725063 1.620454
 879000.000000 3.162485 1.086505 1.791523 1.723471
 882000.000000 3.002866 1.060144 1.679404 1.633092
 885000.000000 2.968818 1.082808 1.635714 1.609557
 888000.000000 2.929808 1.076931 1.576596 1.603044
 891000.000000 3.080980 1.083752 1.659061 1.709574
 894000.000000 2.919263 0.967756 1.642219 1.614275
 897000.000000 2.830268 0.926784 1.586608 1.573572
 900000.000000 2.953670 1.016116 1.565592 1.662816
 903000.000000 3.052367 1.109533 1.612805 1.691199
 906000.000000 3.045551 1.153903 1.595594 1.670802
 909000.000000 3.193350 1.178914 1.738441 1.734672
 912000.000000 3.230133 1.198670 1.801602 1.729997
 915000.000000 3.356795 1.191773 1.855836 1.832990
 918000.000000 3.297805 1.149159 1.813330 1.816560
 921000.000000 3.227034 1.179677 1.708616 1.782887
 924000.000000 3.131051 1.147547 1.691902 1.711327
 927000.000000 3.258677 1.182446 1.703775 1.815567
 930000.000000 3.223852 1.251906 1.717607 1.739096
 933000.000000 3.230622 1.149336 1.798720 1.756593
 936000.000000 3.139270 1.174576 1.596732 1.753617
 939000.000000 3.175932 1.132150 1.643760 1.787977
 942000.000000 3.239868 1.211199 1.701679 1.783429
 945000.000000 3.302705 1.187168 1.754885 1.831678
 948000.000000 3.250849 1.151040 1.715044 1.817807
 951000.000000 3.291139 1.148067 1.765587 1.834312
 954000.000000 3.214506 1.103123 1.727772 1.799059
 957000.000000 3.376926 1.171640 1.808299 1.886957
 960000.000000 3.267693 1.200478 1.716957 1.808976
 963000.000000 3.138075 1.092408 1.644064 1.769839
 966000.000000 3.023920 1.008567 1.666822 1.686225
 969000.000000 3.158309 1.081369 1.726346 1.754451
 972000.000000 3.299427 1.085710 1.908629 1.802257
 975000.000000 3.214841 1.142305 1.699878 1.793750
 978000.000000 3.393625 1.263120 1.785565 1.869282
 981000.000000 3.310683 1.165962 1.776702 1.839351
 984000.000000 3.339967 1.230349 1.812689 1.818448
 987000.000000 3.539430 1.306808 1.956026 1.908013
 990000.000000 3.511329 1.293575 1.957839 1.885622
 993000.000000 3.590628 1.332513 2.006637 1.921054
 996000.000000 3.630528 1.233050 2.120673 1.953667
 999000.000000 3.838457 1.297096 2.280611 2.049604
 1002000.000000 3.912997 1.398800 2.211213 2.107991
 1005000.000000 3.677155 1.321939 2.076731 1.977820
 1008000.000000 3.708928 1.345727 2.139041 1.966544
 1011000.000000 3.480779 1.306030 1.894649 1.880440
 1014000.000000 3.621833 1.424258 1.958189 1.930610
 1017000.000000 3.531187 1.309604 1.931707 1.910531
 1020000.000000 3.559692 1.430949 1.837050 1.925692
 1023000.000000 3.860683 1.460122 2.133281 2.063981
 1026000.000000 3.954469 1.464242 2.240596 2.102049
 1029000.000000 4.029844 1.506160 2.234886 2.159321
 1032000.000000 3.951850 1.426162 2.146511 2.165514
 1035000.000000 3.786766 1.313202 2.143934 2.058199
 1038000.000000 3.853992 1.503433 1.996015 2.104267
 1041000.000000 3.789172 1.324909 2.144330 2.054553
 1044000.000000 3.646588 1.342978 1.938068 2.006065
 1047000.000000 3.517182 1.236133 1.862868 1.967682
 1050000.000000 3.364570 1.254216 1.725038 1.874943
 1053000.000000 3.398925 1.284990 1.699908 1.906476
 1056000.000000 3.060144 1.110499 1.596277 1.706756
 1059000.000000 3.182139 1.291181 1.580339 1.746379
 1062000.000000 3.188543 1.212201 1.616080 1.774402
 1065000.000000 3.130355 1.171861 1.577793 1.755528
 1068000.000000 3.107879 1.046317 1.683043 1.743199
 1071000.000000 3.093756 1.055310 1.678589 1.726806
 1074000.000000 3.060403 1.029740 1.653926 1.718570
 1077000.000000 3.090869 1.087415 1.601655 1.746334
 1080000.000000 3.194616 1.167773 1.673149 1.774155
 1083000.000000 3.280689 1.106634 1.806847 1.823948
 1086000.000000 3.313138 1.166607 1.735633 1.862018
 1089000.000000 3.386786 1.213343 1.742471 1.908879
 1092000.000000 3.385463 1.263592 1.771408 1.867963
 1095000.000000 3.141551 1.092128 1.643025 1.773974
 1098000.000000 3.194349 1.212147 1.625819 1.775365
 1101000.000000 3.079380 1.112344 1.587758 1.729329
 1104000.000000 3.108980 1.096232 1.684809 1.718459
 1107000.000000 2.923491 0.995037 1.527689 1.662128
 1110000.000000 2.991785 1.096095 1.553114 1.667181
 1113000.000000 2.980599 1.109293 1.543284 1.654311
 1116000.000000 3.011151 1.111832 1.576120 1.667175
 1119000.000000 3.132680 1.174590 1.639171 1.725800
 1122000.000000 3.345553 1.242424 1.806673 1.821005
 1125000.000000 3.269041 1.251614 1.773466 1.756501
 1128000.000000 3.447603 1.330549 1.881598 1.841530
 1131000.000000 3.515335 1.296749 1.897001 1.918460
 1134000.000000 3.615294 1.287648 1.994338 1.974301
 1137000.000000 3.628501 1.324444 2.032910 1.949824
 1140000.000000 3.680574 1.401867 1.986977 1.986152
 1143000.000000 3.539343 1.288230 1.928278 1.931090
 1146000.000000 3.681911 1.424260 1.989005 1.975279
 1149000.000000 3.762791 1.446141 1.986350 2.046546
 1152000.000000 3.838587 1.418904 2.128671 2.064800
 1155000.000000 3.871772 1.514015 2.077848 2.075840
 1158000.000000 3.881166 1.440807 2.202524 2.059501
 1161000.000000 3.755222 1.360480 2.089676 2.030143
 1164000.000000 3.768353 1.486357 2.047166 2.001592
 1167000.000000 3.894237 1.542062 2.154419 2.045996
 1170000.000000 3.828394 1.409020 2.158864 2.044452
 1173000.000000 3.947540 1.502097 2.161807 2.115588
 1176000.000000 3.877632 1.455482 2.171160 2.064311
 1179000.000000 3.982364 1.484234 2.217973 2.131261
 1182000.000000 4.177034 1.647924 2.327303 2.189420
 1185000.000000 3.989528 1.581142 2.118623 2.139645
 1188000.000000 3.870019 1.599211 1.992653 2.074087
 1191000.000000 3.757580 1.504784 1.970564 2.019906
 1194000.000000 3.683712 1.471161 1.862347 2.016958
 1197000.000000 3.626399 1.450711 1.896687 1.952700
 1200000.000000 3.741195 1.561197 1.911085 2.005054
 1203000.000000 3.874106 1.590198 2.023821 2.067096
 1206000.000000 3.785473 1.566885 1.946196 2.028933
 1209000.000000 3.944718 1.519948 2.214884 2.077302
 1212000.000000 3.937658 1.493838 2.172936 2.104270
 1215000.000000 3.910758 1.495161 2.175217 2.075569
 1218000.000000 3.781253 1.498842 1.985446 2.039109
 1221000.000000 3.920656 1.526858 2.156132 2.079161
 1224000.000000 3.845541 1.536557 2.010370 2.072077
 1227000.000000 3.966802 1.490659 2.275293 2.083826
 1230000.000000 4.200023 1.565965 2.432579 2.200751
 1233000.000000 4.165671 1.509978 2.455129 2.183118
 1236000.000000 4.235109 1.640557 2.377618 2.226021
 1239000.000000 4.348105 1.748751 2.407277 2.270090
 1242000.000000 4.447208 1.794911 2.411267 2.344119
 1245000.000000 4.493516 1.759070 2.474582 2.376690
 1248000.000000 4.610705 1.792932 2.672804 2.377837
 1251000.000000 4.502128 1.820437 2.473343 2.355237
 1254000.000000 4.693957 1.821470 2.713450 2.426496
 1257000.000000 4.779243 1.897504 2.714761 2.473110
 1260000.000000 5.167774 2.160745 2.776001 2.699401
 1263000.000000 5.194556 2.052139 2.925422 2.705775
 1266000.000000 5.273959 2.114364 2.927675 2.752940
 1269000.000000 5.089381 1.989870 2.911830 2.638531
 1272000.000000 5.182065 1.954773 3.020265 2.694546
 1275000.000000 5.406254 2.089976 3.142265 2.790134
 1278000.000000 5.382247 2.158936 3.061529 2.772015
 1281000.000000 5.466957 2.015604 3.257530 2.830390
 1284000.000000 5.519202 2.081353 3.254599 2.851226
 1287000.000000 5.506621 2.162782 3.221370 2.814546
 1290000.000000 5.635210 2.219950 3.325495 2.862488
 1293000.000000 5.631882 2.294665 3.225374 2.871863
 1296000.000000 5.458110 2.195893 3.113403 2.803463
 1299000.000000 5.425342 2.144625 3.146723 2.779668
 1302000.000000 5.453184 2.124465 3.128773 2.826565
 1305000.000000 5.293872 2.234354 2.975446 2.688972
 1308000.000000 5.532404 2.266340 3.170264 2.814101
 1311000.000000 5.648645 2.423767 3.137778 2.867872
 1314000.000000 5.575088 2.315968 3.107537 2.863336
 1317000.000000 5.384701 2.171517 3.078898 2.759494
 1320000.000000 5.367567 2.230651 3.047300 2.728592
 1323000.000000 5.445352 2.352015 2.992301 2.773193
 1326000.000000 5.543149 2.445618 3.033440 2.803620
 1329000.000000 5.405190 2.288041 2.978071 2.772134
 1332000.000000 5.231904 2.204969 2.854729 2.702055
 1335000.000000 5.337058 2.199895 2.950764 2.761728
 1338000.000000 5.512066 2.280202 3.050450 2.846741
 1341000.000000 5.595865 2.332622 3.126068 2.866520
 1344000.000000 5.428907 2.286012 2.983235 2.794283
 1347000.000000 5.312251 2.242961 2.892320 2.744610
 1350000.000000 5.368160 2.264580 2.941908 2.764916
 1353000.000000 5.054820 2.102596 2.858679 2.574182
 1356000.000000 5.290211 2.131215 3.049463 2.699872
 1359000.000000 5.098965 1.993175 2.965174 2.619791
 1362000.000000 5.233282 2.080242 2.985423 2.700449
 1365000.000000 5.355984 2.118682 3.091843 2.750721
 1368000.000000 5.372034 2.155108 3.061569 2.763696
 1371000.000000 5.420762 2.252570 3.011280 2.788837
 1374000.000000 5.496095 2.320993 3.071744 2.799727
 1377000.000000 5.655643 2.320356 3.163961 2.913484
 1380000.000000 5.606938 2.220440 3.173261 2.910087
 1383000.000000 5.582320 2.218704 3.153182 2.896377
 1386000.000000 5.591524 2.393246 3.080027 2.854888
 1389000.000000 5.627742 2.276689 3.275685 2.851555
 1392000.000000 5.518213 2.037705 3.364649 2.817037
 1395000.000000 5.333422 2.002551 3.246553 2.708870
 1398000.000000 5.324429 1.982273 3.177241 2.744672
 1401000.000000 5.187698 2.065215 2.995117 2.657532
 1404000.000000 5.202404 2.038311 3.055412 2.655542
 1407000.000000 5.096844 2.092639 2.873356 2.613847
 1410000.000000 5.274922 2.105507 3.006294 2.719022
 1413000.000000 5.253375 2.150540 2.946591 2.704809
 1416000.000000 5.360912 2.220489 3.016157 2.742589
 1419000.000000 5.438660 2.267450 3.066323 2.771773
 1422000.000000 5.476155 2.389375 2.968355 2.797290
 1425000.000000 5.357724 2.401706 2.853411 2.730166
 1428000.000000 5.298643 2.350656 2.864323 2.691153
 1431000.000000 5.228790 2.132294 3.040160 2.642563
 1434000.000000 5.080248 2.099430 2.910921 2.575073
 1437000.000000 5.176157 2.069358 3.030359 2.626299
 1440000.000000 5.208796 2.043351 3.041293 2.666474
 1443000.000000 5.232647 2.228793 2.884296 2.676102
 1446000.000000 5.228869 2.194654 2.900288 2.681398
 1449000.000000 5.135041 2.072967 2.916466 2.640324
 1452000.000000 5.261920 2.254342 2.930685 2.669406
 1455000.000000 5.124982 2.090344 2.845339 2.657140
 1458000.000000 4.762302 2.029277 2.545638 2.474844
 1461000.000000 4.993193 2.101010 2.739026 2.573176
 1464000.000000 4.956600 2.003709 2.844583 2.532454
 1467000.000000 4.976499 2.000687 2.770941 2.590685
 1470000.000000 4.976804 1.936813 2.889635 2.563581
 1473000.000000 5.046605 2.065397 2.782191 2.622811
 1476000.000000 5.056026 2.112574 2.833659 2.582909
 1479000.000000 5.066423 2.049178 2.882293 2.600687
 1482000.000000 4.887616 1.974397 2.704140 2.548348
 1485000.000000 5.173757 1.949381 3.103769 2.647182
 1488000.000000 5.100936 2.106468 2.886365 2.604519
 1491000.000000 4.941690 1.907361 2.908026 2.533997
 1494000.000000 5.197141 1.990509 3.059185 2.672294
 1497000.000000 5.046147 1.915630 2.965870 2.605397
 1500000.000000 4.900482 1.990630 2.718842 2.545746
 1503000.000000 4.859082 1.914202 2.800451 2.501755
 1506000.000000 4.923436 1.926159 2.865077 2.527818
 1509000.000000 4.847909 1.904428 2.746613 2.522389
 1512000.000000 4.802620 1.832510 2.667452 2.552639
 1515000.000000 4.865238 1.871780 2.745345 2.556675
 1518000.000000 5.197446 2.076098 2.938254 2.690269
 1521000.000000 5.188818 2.065341 2.927614 2.692340
 1524000.000000 5.110218 1.977578 2.877130 2.682864
 1527000.000000 5.305098 2.016239 2.995746 2.799105
 1530000.000000 5.586916 2.284843 3.159351 2.864819
 1533000.000000 5.647962 2.288993 3.216792 2.895069
 1536000.000000 5.811766 2.305275 3.311451 3.003403
 1539000.000000 5.835686 2.368363 3.349511 2.976749
 1542000.000000 5.664893 2.321480 3.165704 2.921301
 1545000.000000 5.672705 2.387134 3.125727 2.916274
 1548000.000000 5.470184 2.222827 3.078151 2.819695
 1551000.000000 5.573977 2.205170 3.146314 2.898235
 1554000.000000 5.343673 2.189033 3.082647 2.707832
 1557000.000000 5.406787 2.145449 3.144865 2.761631
 1560000.000000 5.369597 2.109992 3.097380 2.765911
 1563000.000000 5.346651 2.135779 3.054832 2.751346
 1566000.000000 5.576005 2.226123 3.240253 2.842818
 1569000.000000 5.725972 2.160399 3.440026 2.925759
 1572000.000000 5.847308 2.347737 3.392007 2.977436
 1575000.000000 5.901783 2.418513 3.393318 2.995867
 1578000.000000 5.903883 2.456898 3.303117 3.023876
 1581000.000000 5.712176 2.492849 3.100040 2.915731
 1584000.000000 5.895770 2.412101 3.361538 3.008950
 1587000.000000 6.018381 2.321480 3.572964 3.071159
 1590000.000000 6.102327 2.445792 3.508971 3.124945
 1593000.000000 6.143455 2.404308 3.694115 3.094244
 1596000.000000 6.127303 2.542040 3.515118 3.098724
 1599000.000000 5.959432 2.384989 3.396717 3.068579
 1602000.000000 6.145760 2.372740 3.648837 3.134972
 1605000.000000 5.867144 2.413339 3.355848 2.982551
 1608000.000000 5.835378 2.317723 3.342678 3.005178
 1611000.000000 5.969625 2.371893 3.429506 3.068925
 1614000.000000 5.770974 2.183294 3.332536 3.013059
 1617000.000000 5.842641 2.460624 3.206869 3.008894
 1620000.000000 5.565416 2.285673 3.102901 2.871129
 1623000.000000 5.559151 2.265313 3.099235 2.876877
 1626000.000000 5.557485 2.228320 3.169849 2.858401
 1629000.000000 5.717951 2.209550 3.380279 2.923036
 1632000.000000 5.906948 2.389631 3.391648 3.016309
 1635000.000000 6.029177 2.434389 3.471300 3.076333
 1638000.000000 5.671053 2.282283 3.215404 2.922210
 1641000.000000 5.654464 2.367942 3.139423 2.900781
 1644000.000000 5.809036 2.411967 3.215920 2.995093
 1647000.000000 5.796449 2.471586 3.206369 2.957471
 1650000.000000 5.741214 2.471965 3.132422 2.939021
 1653000.000000 5.621914 2.363292 3.067181 2.906677
 1656000.000000 5.715877 2.426197 3.213541 2.896008
 1659000.000000 5.817808 2.457583 3.171601 3.003215
 1662000.000000 5.788594 2.448174 3.251313 2.938850
 1665000.000000 5.862138 2.443135 3.320655 2.980243
 1668000.000000 5.780448 2.220775 3.435462 2.952330
 1671000.000000 5.544883 2.316885 3.071056 2.850913
 1674000.000000 5.669365 2.281637 3.279844 2.888624
 1677000.000000 5.372186 2.201343 3.036443 2.753293
 1680000.000000 5.512552 2.210306 3.184614 2.815092
 1683000.000000 5.620242 2.264661 3.238675 2.868574
 1686000.000000 5.706080 2.359045 3.266538 2.893288
 1689000.000000 5.729410 2.245131 3.382615 2.915537
 1692000.000000 5.761185 2.232657 3.403381 2.943167
 1695000.000000 5.601883 2.288047 3.181305 2.867207
 1698000.000000 5.559864 2.222953 3.210046 2.843365
 1701000.000000 5.508594 2.254798 3.127864 2.817263
 1704000.000000 5.393101 2.166991 3.101046 2.759082
 1707000.000000 5.582876 2.313975 3.127461 2.862158
 1710000.000000 5.683238 2.242575 3.327262 2.898319
 1713000.000000 5.589985 2.289055 3.178017 2.856449
 1716000.000000 5.578783 2.304630 3.116094 2.868422
 1719000.000000 5.650828 2.383087 3.123991 2.897289
 1722000.000000 5.608164 2.288381 3.166644 2.880652
 1725000.000000 5.493047 2.215437 3.129823 2.820417
 1728000.000000 5.464503 2.188670 3.146788 2.796775
 1731000.000000 5.608636 2.218245 3.304837 2.847095
 1734000.000000 5.675171 2.349442 3.256269 2.872316
 1737000.000000 5.916159 2.384575 3.483004 2.982370
 1740000.000000 5.862184 2.288733 3.521122 2.957257
 1743000.000000 5.823841 2.360677 3.405322 2.940842
 1746000.000000 5.753836 2.357266 3.320756 2.914825
 1749000.000000 5.809591 2.328248 3.370616 2.960159
 1752000.000000 5.779365 2.326835 3.360335 2.935780
 1755000.000000 5.553389 2.171246 3.208348 2.863592
 1758000.000000 5.506872 2.253166 3.114141 2.823219
 1761000.000000 5.484971 2.195031 3.184739 2.795086
 1764000.000000 5.678723 2.248921 3.348949 2.879788
 1767000.000000 5.531609 2.307133 3.130348 2.812869
 1770000.000000 5.305706 2.058743 3.011913 2.770378
 1773000.000000 5.440369 2.142102 3.152880 2.792878
 1776000.000000 5.189107 2.069547 2.936540 2.686064
 1779000.000000 5.202502 2.002171 3.123250 2.639791
 1782000.000000 5.280637 2.060034 3.124471 2.688384
 1785000.000000 5.406353 2.061637 3.255845 2.747612
 1788000.000000 5.242481 1.956074 3.165019 2.681934
 1791000.000000 5.401924 2.020586 3.227559 2.777851
 1794000.000000 5.348433 2.000765 3.296878 2.699612
 1797000.000000 5.385432 1.999711 3.258141 2.756506
 1800000.000000 5.320839 2.184723 2.980901 2.738027
 1803000.000000 5.331950 2.157902 3.010821 2.747588
 1806000.000000 5.338055 2.206401 2.986982 2.741364
 1809000.000000 5.335056 2.155294 2.958861 2.777978
 1812000.000000 5.236677 2.159748 2.912032 2.700787
 1815000.000000 5.267214 2.121858 2.984239 2.714165
 1818000.000000 5.289522 2.133520 3.043663 2.700930
 1821000.000000 5.086206 2.076629 2.867926 2.613929
 1824000.000000 4.995772 1.921515 2.927436 2.571296
 1827000.000000 5.117488 2.032044 2.915902 2.643515
 1830000.000000 4.930868 1.954451 2.768651 2.569317
 1833000.000000 4.892843 1.858759 2.811524 2.557702
 1836000.000000 4.631915 1.821390 2.512168 2.465136
 1839000.000000 4.636695 1.797086 2.661984 2.407160
 1842000.000000 4.927727 1.887010 2.763163 2.602640
 1845000.000000 5.042404 1.993160 2.818004 2.636822
 1848000.000000 4.974241 2.047561 2.726960 2.586980
 1851000.000000 5.090852 2.169003 2.680555 2.666073
 1854000.000000 5.159222 2.209635 2.738993 2.684907
 1857000.000000 5.032632 2.082725 2.712426 2.635057
 1860000.000000 5.016883 2.106440 2.695355 2.615986
 1863000.000000 4.953791 1.969110 2.763170 2.587651
 1866000.000000 5.063890 1.980230 2.844646 2.651451
 1869000.000000 5.282304 2.005681 3.043042 2.757943
 1872000.000000 5.132598 1.973612 2.953498 2.669043
 1875000.000000 5.338866 2.064142 3.118883 2.747353
 1878000.000000 5.217837 1.980192 3.034349 2.710567
 1881000.000000 5.107735 1.973298 2.907145 2.667514
 1884000.000000 5.117703 2.034603 2.840139 2.680332
 1887000.000000 4.951038 1.905148 2.720820 2.638054
 1890000.000000 4.882797 1.916688 2.701910 2.573499
 1893000.000000 4.982166 2.032950 2.694983 2.618199
 1896000.000000 5.231670 2.208958 2.820018 2.717182
 1899000.000000 5.288784 2.291684 2.797226 2.744329
 1902000.000000 5.249810 2.268628 2.806904 2.712044
 1905000.000000 5.391881 2.264035 2.943936 2.787895
 1908000.000000 5.306025 2.255005 2.809034 2.774005
 1911000.000000 5.118530 2.080322 2.822728 2.667005
 1914000.000000 5.095383 2.069519 2.862271 2.629488
 1917000.000000 4.994347 1.934750 2.804985 2.624480
 1920000.000000 5.069360 1.989971 2.833762 2.657494
 1923000.000000 4.891082 2.057112 2.661947 2.531553
 1926000.000000 4.919503 1.928119 2.820841 2.545023
 1929000.000000 5.047440 2.139711 2.747029 2.604071
 1932000.000000 5.135443 2.083296 2.897793 2.644898
 1935000.000000 5.221351 2.154358 2.977948 2.655198
 1938000.000000 5.322974 2.074555 3.080313 2.745540
 1941000.000000 5.434719 2.354391 3.042983 2.736032
 1944000.000000 5.475251 2.286638 3.133688 2.765088
 1947000.000000 5.378056 2.183570 3.098548 2.736997
 1950000.000000 5.415551 2.295394 3.067682 2.734013
 1953000.000000 5.300619 2.258526 2.976547 2.683083
 1956000.000000 5.469951 2.326299 2.991399 2.811102
 1959000.000000 5.394436 2.277645 3.065799 2.722714
 1962000.000000 5.344763 2.315616 2.963089 2.705411
 1965000.000000 5.387870 2.185140 3.160041 2.715280
 1968000.000000 5.275099 2.017389 3.113962 2.709424
 1971000.000000 5.394609 2.207827 3.089653 2.745869
 1974000.000000 5.615587 2.193259 3.358052 2.839931
 1977000.000000 5.610321 2.136552 3.328784 2.877653
 1980000.000000 5.637928 2.218914 3.302582 2.877180
 1983000.000000 5.646218 2.235583 3.315495 2.870679
 1986000.000000 5.746484 2.360516 3.393295 2.869579
 1989000.000000 5.591600 2.315773 3.193046 2.837191
 1992000.000000 5.459777 2.223854 3.093912 2.800894
 1995000.000000 5.510818 2.277118 3.094780 2.824869
 1998000.000000 5.530463 2.339566 3.043772 2.838794
 2001000.000000 5.545632 2.222713 3.189246 2.839653
 2004000.000000 5.667825 2.161506 3.377989 2.898077
 2007000.000000 5.681729 2.205109 3.299476 2.929437
 2010000.000000 5.385979 2.011253 3.218501 2.771102
 2013000.000000 5.482247 2.191186 3.133122 2.820092
 2016000.000000 5.465746 2.150870 3.195528 2.792547
 2019000.000000 5.539323 2.161808 3.216945 2.849947
 2022000.000000 5.496431 2.183152 3.170437 2.819637
 2025000.000000 5.606520 2.301155 3.212002 2.849941
 2028000.000000 5.540124 2.167887 3.312995 2.799683
 2031000.000000 5.628878 2.206611 3.331172 2.859986
 2034000.000000 5.724232 2.251364 3.304440 2.946330
 2037000.000000 5.671546 2.190866 3.333448 2.909390
 2040000.000000 5.597339 2.132036 3.349083 2.856780
 2043000.000000 5.577600 2.123529 3.374102 2.828784
 2046000.000000 5.660453 2.211861 3.370004 2.869521
 2049000.000000 5.870835 2.327774 3.506808 2.953544
 2052000.000000 5.913869 2.282346 3.589055 2.978168
 2055000.000000 6.028609 2.277302 3.717300 3.031307
 2058000.000000 5.915688 2.450754 3.432551 2.974035
 2061000.000000 6.016358 2.342371 3.596391 3.046977
 2064000.000000 6.018622 2.275705 3.687031 3.037254
 2067000.000000 5.928880 2.417117 3.459962 2.990341
 2070000.000000 5.916706 2.333586 3.499885 2.999970
 2073000.000000 6.040740 2.400519 3.586097 3.047432
 2076000.000000 5.992011 2.442816 3.509449 3.015878
 2079000.000000 5.693954 2.211822 3.413373 2.881357
 2082000.000000 5.857724 2.331807 3.456696 2.963472
 2085000.000000 6.000049 2.294085 3.573261 3.066376
 2088000.000000 6.118894 2.550697 3.465642 3.110724
 2091000.000000 6.126689 2.440623 3.638679 3.087038
 2094000.000000 6.093137 2.445658 3.563753 3.088432
 2097000.000000 6.176024 2.516830 3.558962 3.138128
 2100000.000000 6.221413 2.646720 3.502181 3.146963
 2103000.000000 6.174324 2.553614 3.592777 3.101128
 2106000.000000 6.264441 2.591503 3.583679 3.176851
 2109000.000000 6.254535 2.648270 3.547417 3.156692
 2112000.000000 6.319530 2.631042 3.632249 3.187884
 2115000.000000 6.278775 2.580755 3.667262 3.154766
 2118000.000000 6.293320 2.515223 3.760824 3.155297
 2121000.000000 6.157188 2.403191 3.641468 3.134858
 2124000.000000 6.321238 2.684357 3.563314 3.197403
 2127000.000000 6.037042 2.412191 3.500897 3.080498
 2130000.000000 6.218549 2.507548 3.556792 3.186379
 2133000.000000 6.186668 2.398479 3.742773 3.116042
 2136000.000000 6.013599 2.400313 3.568712 3.029087
 2139000.000000 6.130591 2.510691 3.501139 3.124676
 2142000.000000 6.202775 2.529215 3.638540 3.118897
 2145000.000000 6.260878 2.674005 3.524166 3.161793
 2148000.000000 6.077005 2.523581 3.378033 3.126198
 2151000.000000 6.137918 2.732967 3.317360 3.112754
 2154000.000000 6.253094 2.751200 3.383396 3.185797
 2157000.000000 6.268664 2.831126 3.360348 3.172927
 2160000.000000 6.122073 2.688387 3.257317 3.149221
 2163000.000000 6.139093 2.673582 3.362792 3.120906
 2166000.000000 6.374884 2.732516 3.608863 3.204195
 2169000.000000 6.325521 2.549856 3.665370 3.217908
 2172000.000000 6.311265 2.531707 3.765152 3.162835
 2175000.000000 6.457591 2.504731 3.885696 3.262378
 2178000.000000 6.346474 2.696996 3.596139 3.199907
 2181000.000000 6.225859 2.557487 3.554739 3.169746
 2184000.000000 6.261782 2.556650 3.653849 3.156532
 2187000.000000 6.164801 2.634791 3.500410 3.097201
 2190000.000000 6.070212 2.532268 3.463343 3.072406
 2193000.000000 6.248923 2.666449 3.449284 3.191057
 2196000.000000 6.345628 2.718946 3.503227 3.234541
 2199000.000000 6.258258 2.541490 3.618462 3.178282
 2202000.000000 6.380099 2.643048 3.699830 3.208660
 2205000.000000 6.513407 2.698656 3.755227 3.286465
 2208000.000000 6.525176 2.661368 3.778522 3.305231
 2211000.000000 6.189249 2.622641 3.482164 3.136846
 2214000.000000 6.291679 2.596584 3.636377 3.175199
 2217000.000000 6.401231 2.715282 3.712982 3.187098
 2220000.000000 6.171273 2.541918 3.599922 3.100353
 2223000.000000 6.275287 2.719752 3.456297 3.187262
 2226000.000000 6.241911 2.699724 3.505874 3.139112
 2229000.000000 6.134104 2.572956 3.478516 3.108369
 2232000.000000 6.052452 2.551878 3.494336 3.029345
 2235000.000000 5.988968 2.437965 3.507418 3.016277
 2238000.000000 5.981775 2.539112 3.456700 2.983869
 2241000.000000 6.169935 2.607716 3.521341 3.105407
 2244000.000000 6.039314 2.447304 3.544395 3.043464
 2247000.000000 6.107948 2.494263 3.658429 3.031602
 2250000.000000 6.130993 2.423492 3.718605 3.059944
 2253000.000000 6.114995 2.470070 3.558331 3.100794
 2256000.000000 6.311109 2.586158 3.637728 3.199166
 2259000.000000 6.154944 2.574697 3.487760 3.123716
 2262000.000000 6.270891 2.602820 3.602326 3.168318
 2265000.000000 6.547806 2.686016 3.810244 3.299676
 2268000.000000 6.567396 2.712467 3.816528 3.302898
 2271000.000000 6.665114 2.722325 3.886144 3.360879
 2274000.000000 6.524337 2.710096 3.740459 3.299059
 2277000.000000 6.471232 2.543317 3.934093 3.232528
 2280000.000000 6.527482 2.746816 3.750408 3.278870
 2283000.000000 6.489473 2.658274 3.900644 3.210014
 2286000.000000 6.475818 2.671125 3.781669 3.249421
 2289000.000000 6.180504 2.588367 3.496415 3.138113
 2292000.000000 6.162241 2.604572 3.555528 3.082191
 2295000.000000 6.242260 2.513953 3.659334 3.155617
 2298000.000000 6.463943 2.585317 3.832639 3.254965
 2301000.000000 6.597079 2.673174 3.927761 3.296611
 2304000.000000 6.598474 2.711832 3.931968 3.276574
 2307000.000000 6.506381 2.684866 3.781194 3.273351
 2310000.000000 6.584881 2.711756 3.861863 3.298072
 2313000.000000 6.252518 2.475748 3.716165 3.156561
 2316000.000000 6.349708 2.508052 3.854191 3.168587
 2319000.000000 6.299217 2.360217 3.886064 3.176076
 2322000.000000 6.215045 2.495304 3.609979 3.162404
 2325000.000000 6.280233 2.531386 3.728458 3.150311
 2328000.000000 6.321289 2.615171 3.562698 3.232354
 2331000.000000 6.368964 2.529843 3.781329 3.213378
 2334000.000000 6.485120 2.721333 3.721424 3.263742
 2337000.000000 6.453872 2.729760 3.665690 3.256147
 2340000.000000 6.611619 2.641915 3.934753 3.323285
 2343000.000000 6.681794 2.676588 3.937405 3.374797
 2346000.000000 6.745177 2.860631 3.817487 3.406118
 2349000.000000 6.515276 2.716238 3.747217 3.283549
 2352000.000000 6.690421 2.789777 3.875123 3.357971
 2355000.000000 6.511722 2.756504 3.760487 3.253226
 2358000.000000 6.444081 2.712052 3.742119 3.216996
 2361000.000000 6.500116 2.713066 3.688017 3.299575
 2364000.000000 6.433914 2.649031 3.798741 3.210029
 2367000.000000 6.415595 2.584546 3.765206 3.240719
 2370000.000000 6.361656 2.633297 3.669184 3.210416
 2373000.000000 6.314656 2.367217 3.840094 3.211000
 2376000.000000 6.355735 2.463351 3.894313 3.176903
 2379000.000000 6.499490 2.543094 3.989486 3.233200
 2382000.000000 6.401947 2.419097 3.964953 3.209922
 2385000.000000 6.424103 2.411303 4.048496 3.194204
 2388000.000000 6.172987 2.367492 3.750604 3.113939
 2391000.000000 6.184562 2.421000 3.746265 3.100930
 2394000.000000 6.151835 2.447016 3.700122 3.078266
 2397000.000000 6.189518 2.562731 3.614751 3.100778
 2400000.000000 6.154552 2.479865 3.623406 3.102917
 2403000.000000 6.536919 2.637427 3.828878 3.303767
 2406000.000000 6.412662 2.550032 3.767610 3.253841
 2409000.000000 6.226852 2.524770 3.682134 3.123400
 2412000.000000 6.280269 2.558609 3.772055 3.114937
 2415000.000000 6.131224 2.522768 3.576413 3.081634
 2418000.000000 6.237472 2.556713 3.658609 3.129812
 2421000.000000 6.274260 2.553150 3.564583 3.215393
 2424000.000000 6.408417 2.490049 3.873003 3.226891
 2427000.000000 6.499495 2.601824 3.902511 3.247328
 2430000.000000 6.458828 2.595599 3.812786 3.254636
 2433000.000000 6.358966 2.660243 3.591440 3.233124
 2436000.000000 6.352990 2.567107 3.707436 3.215718
 2439000.000000 6.301672 2.599590 3.686264 3.158745
 2442000.000000 6.428121 2.579074 3.796633 3.240267
 2445000.000000 6.418740 2.608558 3.705497 3.261712
 2448000.000000 6.273227 2.499948 3.740586 3.152960
 2451000.000000 6.135885 2.432429 3.593989 3.122677
 2454000.000000 6.226458 2.503969 3.701243 3.123852
 2457000.000000 6.157153 2.542233 3.496301 3.137886
 2460000.000000 6.537378 2.760358 3.797342 3.258528
 2463000.000000 6.476358 2.781979 3.605119 3.282809
 2466000.000000 6.578727 2.748094 3.800207 3.304577
 2469000.000000 6.522931 2.727132 3.810309 3.254211
 2472000.000000 6.583521 2.639783 3.918910 3.304174
 2475000.000000 6.416082 2.743657 3.697089 3.195709
 2478000.000000 6.220211 2.728408 3.482037 3.114989
 2481000.000000 6.654655 2.834062 3.757431 3.358908
 2484000.000000 6.732979 2.797569 3.835852 3.416268
 2487000.000000 6.869095 2.774220 4.110457 3.426756
 2490000.000000 6.869265 2.815742 4.040191 3.441299
 2493000.000000 6.753064 2.894743 3.866049 3.372668
 2496000.000000 6.650159 2.750620 3.876929 3.336384
 2499000.000000 6.413896 2.543851 3.899564 3.192189
 2502000.000000 6.685471 2.705603 4.052104 3.306618
 2505000.000000 6.569394 2.596157 4.053042 3.244795
 2508000.000000 6.437731 2.603262 3.823852 3.224174
 2511000.000000 6.433294 2.664210 3.713124 3.244627
 2514000.000000 6.565261 2.681220 3.903197 3.273052
 2517000.000000 6.516007 2.712388 3.823907 3.247859
 2520000.000000 6.336364 2.600438 3.671467 3.200411
 2523000.000000 6.368060 2.532609 3.823362 3.190074
 2526000.000000 6.624880 2.587626 4.042387 3.309873
 2529000.000000 6.714248 2.661708 4.093418 3.336686
 2532000.000000 6.650597 2.583234 4.074529 3.321716
 2535000.000000 6.546323 2.600668 3.936996 3.277491
 2538000.000000 6.440997 2.612098 3.770795 3.249550
 2541000.000000 6.386778 2.600403 3.786317 3.193418
 2544000.000000 6.244924 2.480010 3.741080 3.134379
 2547000.000000 6.323718 2.554755 3.773052 3.159814
 2550000.000000 6.085842 2.429304 3.618129 3.062126
 2553000.000000 6.161833 2.599832 3.574527 3.074654
 2556000.000000 6.235730 2.490662 3.707964 3.136417
 2559000.000000 6.264094 2.478478 3.752363 3.148674
 2562000.000000 6.047544 2.499251 3.558772 3.018532
 2565000.000000 5.815782 2.403499 3.362540 2.932763
 2568000.000000 5.871794 2.418096 3.386426 2.969533
 2571000.000000 5.950839 2.382565 3.421255 3.048929
 2574000.000000 6.098837 2.391717 3.659857 3.073050
 2577000.000000 6.180051 2.487829 3.590171 3.141051
 2580000.000000 6.069310 2.518168 3.502182 3.059135
 2583000.000000 6.025204 2.486688 3.437696 3.063012
 2586000.000000 5.868006 2.436682 3.305956 2.996686
 2589000.000000 5.842749 2.420447 3.296849 2.984101
 2592000.000000 5.593129 2.297684 3.189248 2.849664
 2595000.000000 5.746948 2.360415 3.220117 2.956682
 2598000.000000 5.872995 2.420711 3.305588 3.009846
 2601000.000000 5.962827 2.556268 3.233698 3.067843
 2604000.000000 5.837380 2.383014 3.244930 3.023407
 2607000.000000 5.749348 2.271610 3.325283 2.950902
 2610000.000000 5.693211 2.216912 3.326988 2.921261
 2613000.000000 5.650288 2.238611 3.275254 2.893355
 2616000.000000 5.697934 2.316703 3.212515 2.933324
 2619000.000000 5.609103 2.339415 3.072091 2.903350
 2622000.000000 5.763638 2.269938 3.366400 2.945470
 2625000.000000 5.693969 2.159493 3.382865 2.922790
 2628000.000000 5.739734 2.223823 3.385816 2.934914
 2631000.000000 5.707143 2.274983 3.356100 2.891601
 2634000.000000 5.573873 2.156388 3.285886 2.852736
 2637000.000000 5.547923 2.170720 3.278386 2.823370
 2640000.000000 5.609765 2.098454 3.329008 2.896034
 2643000.000000 5.726785 2.237259 3.378987 2.918662
 2646000.000000 5.843368 2.311147 3.404075 2.985757
 2649000.000000 5.871953 2.382788 3.324195 3.018461
 2652000.000000 5.653409 2.311228 3.182306 2.906642
 2655000.000000 5.788077 2.228340 3.381904 2.982955
 2658000.000000 5.496379 2.333632 3.010014 2.824555
 2661000.000000 5.621533 2.228653 3.177680 2.918366
 2664000.000000 5.741441 2.250100 3.394512 2.919134
 2667000.000000 5.491285 2.174676 3.176914 2.815490
 2670000.000000 5.594790 2.093131 3.334914 2.880767
 2673000.000000 5.585474 2.218157 3.241474 2.855658
 2676000.000000 5.799541 2.452018 3.252779 2.947142
 2679000.000000 5.441243 2.211907 3.048971 2.810804
 2682000.000000 5.481882 2.177938 3.182414 2.801706
 2685000.000000 5.419346 2.089455 3.123185 2.813027
 2688000.000000 5.569662 2.124060 3.262614 2.876325
 2691000.000000 5.481370 2.067967 3.151295 2.871739
 2694000.000000 5.178084 2.044964 2.952878 2.679163
 2697000.000000 5.310167 2.040078 3.045460 2.767398
 2700000.000000 5.176121 2.144502 2.866407 2.670666
 2703000.000000 5.258981 2.184587 2.918671 2.707352
 2706000.000000 5.182645 2.081702 2.977745 2.652922
 2709000.000000 5.275932 2.096020 3.067482 2.694181
 2712000.000000 5.172782 2.000974 3.036743 2.653923
 2715000.000000 5.140754 2.009100 2.986341 2.643034
 2718000.000000 5.020329 1.989835 2.867234 2.591794
 2721000.000000 4.975429 2.022134 2.729262 2.599731
 2724000.000000 5.015619 2.023659 2.859533 2.574022
 2727000.000000 5.168123 1.999910 3.029331 2.653502
 2730000.000000 5.091833 1.927251 3.018069 2.619173
 2733000.000000 5.157801 1.985956 3.023486 2.653080
 2736000.000000 4.980458 1.928557 2.795135 2.618612
 2739000.000000 5.061977 2.086878 2.758558 2.639259
 2742000.000000 5.023277 1.988705 2.861001 2.598424
 2745000.000000 5.129359 2.073788 2.879500 2.652715
 2748000.000000 5.084132 2.076463 2.871299 2.610251
 2751000.000000 5.297530 2.175886 2.975595 2.721790
 2754000.000000 5.154707 2.183928 2.784724 2.670381
 2757000.000000 5.322831 2.250401 2.953454 2.720904
 2760000.000000 5.276249 2.105248 2.992577 2.727336
 2763000.000000 5.362542 2.161459 3.064514 2.749556
 2766000.000000 5.383912 2.223611 3.036812 2.753700
 2769000.000000 5.138277 2.086405 2.859799 2.665175
 2772000.000000 5.091813 2.096888 2.870296 2.608221
 2775000.000000 5.195504 1.998361 3.039150 2.676748
 2778000.000000 5.243165 1.999130 3.185154 2.651023
 2781000.000000 5.182071 2.021475 3.031914 2.655377
 2784000.000000 5.122251 1.969023 2.924497 2.675491
 2787000.000000 4.824663 1.946015 2.693674 2.504818
 2790000.000000 4.844083 1.930862 2.733387 2.511958
 2793000.000000 4.825869 1.938261 2.678040 2.517719
 2796000.000000 4.967137 2.058807 2.695064 2.590201
 2799000.000000 4.957833 1.999416 2.788558 2.563846
 2802000.000000 5.124951 2.130742 2.860590 2.629286
 2805000.000000 5.165872 2.017924 3.087269 2.613275
 2808000.000000 5.188146 1.958925 3.068779 2.674294
 2811000.000000 5.025193 1.984685 2.879495 2.593103
 2814000.000000 4.923582 1.953428 2.850617 2.521560
 2817000.000000 4.852352 1.939952 2.716836 2.523958
 2820000.000000 4.614917 1.909056 2.501768 2.409505
 2823000.000000 4.817229 1.932292 2.661546 2.520310
 2826000.000000 4.823865 1.918034 2.660471 2.534612
 2829000.000000 4.853191 2.060862 2.559383 2.543069
 2832000.000000 4.835717 2.032121 2.568115 2.535599
 2835000.000000 4.710598 1.884715 2.560856 2.487813
 2838000.000000 4.758860 1.802672 2.733065 2.490992
 2841000.000000 4.741617 1.818523 2.673392 2.495659
 2844000.000000 4.944482 2.099727 2.614376 2.587430
 2847000.000000 5.316935 2.229855 2.864940 2.769537
 2850000.000000 5.311328 2.294527 2.826997 2.750566
 2853000.000000 5.198790 2.124744 2.890402 2.691217
 2856000.000000 5.106847 2.148143 2.719681 2.672935
 2859000.000000 5.098396 2.044837 2.803115 2.674421
 2862000.000000 5.062079 2.026442 2.841746 2.627985
 2865000.000000 5.040106 1.939750 2.851850 2.644305
 2868000.000000 5.277965 2.081582 2.990344 2.742002
 2871000.000000 5.343954 2.183117 2.949164 2.777813
 2874000.000000 5.147500 2.085347 2.893285 2.658185
 2877000.000000 5.074955 1.990825 2.857598 2.650743
 2880000.000000 5.331516 2.123134 3.067922 2.735988
 2883000.000000 5.261719 2.089113 2.952275 2.741026
 2886000.000000 5.231125 2.146093 2.938482 2.688837
 2889000.000000 4.975847 2.017481 2.777401 2.578406
 2892000.000000 5.204902 2.009896 3.043946 2.677981
 2895000.000000 5.062680 2.078759 2.793622 2.626489
 2898000.000000 5.191575 2.107898 2.937497 2.668878
 2901000.000000 5.200601 2.112371 2.949595 2.669618
 2904000.000000 5.037480 2.039322 2.785683 2.624977
 2907000.000000 5.201331 2.081620 2.958218 2.681412
 2910000.000000 5.268326 2.170993 2.948334 2.708662
 2913000.000000 5.168973 2.219759 2.821483 2.648353
 2916000.000000 5.271454 2.133621 2.975963 2.716662
 2919000.000000 5.284324 2.255938 2.909629 2.701540
 2922000.000000 5.569099 2.281576 3.208290 2.824166
 2925000.000000 5.657556 2.235431 3.243044 2.918319
 2928000.000000 5.418540 2.161669 3.069926 2.802743
 2931000.000000 5.686599 2.213367 3.338201 2.910815
 2934000.000000 5.873436 2.468111 3.320834 2.978963
 2937000.000000 5.801653 2.394834 3.261590 2.973441
 2940000.000000 5.729322 2.276103 3.311475 2.935533
 2943000.000000 5.899207 2.365159 3.447107 2.993074
 2946000.000000 6.011367 2.363400 3.513661 3.072837
 2949000.000000 6.125903 2.272845 3.722532 3.128214
 2952000.000000 6.096546 2.341955 3.624227 3.113455
 2955000.000000 5.995550 2.471885 3.438478 3.040369
 2958000.000000 5.993925 2.462014 3.408486 3.058675
 2961000.000000 6.033809 2.546797 3.407040 3.056890
 2964000.000000 6.194080 2.599671 3.514700 3.136895
 2967000.000000 6.203796 2.548730 3.584289 3.137287
 2970000.000000 6.148330 2.613057 3.467756 3.107924
 2973000.000000 6.072779 2.559534 3.475361 3.055331
 2976000.000000 6.023586 2.329963 3.563093 3.077058
 2979000.000000 5.896617 2.341453 3.411471 3.020155
 2982000.000000 5.991523 2.406060 3.522551 3.027217
 2985000.000000 5.896983 2.437145 3.342258 3.007281
 2988000.000000 5.835977 2.482412 3.284745 2.952399
 2991000.000000 5.753774 2.400395 3.290575 2.908289
 2994000.000000 5.766526 2.379315 3.304961 2.924387
 2997000.000000 5.700034 2.264597 3.344085 2.895693
 3000000.000000 5.679292 2.286584 3.287611 2.892195