#! FIELDS time c_all.mean c_N_N.mean c_P_P.mean c_N_P.mean
 0.000000 1.000000 0.000000 0.000000 1.000000
 3000.000000 0.313315 0.085145 0.156929 0.192278
 6000.000000 0.317857 0.117310 0.135912 0.191246
 9000.000000 0.321029 0.093470 0.115825 0.216382
 12000.000000 0.428655 0.116837 0.176777 0.281848
 15000.000000 0.497269 0.140347 0.168152 0.343020
 18000.000000 0.544212 0.171418 0.105527 0.405739
 21000.000000 0.529205 0.128576 0.162438 0.383697
 24000.000000 0.650112 0.178776 0.155777 0.482835
 27000.000000 0.729682 0.164257 0.265076 0.515015
 30000.000000 0.720760 0.155353 0.191243 0.547462
 33000.000000 0.859527 0.237619 0.251186 0.615124
 36000.000000 0.886393 0.224056 0.229420 0.659655
 39000.000000 0.927832 0.249553 0.277538 0.664287
 42000.000000 1.005046 0.312745 0.320322 0.688513
 45000.000000 0.978004 0.256426 0.264591 0.717496
 48000.000000 1.041976 0.291615 0.325296 0.733520
 51000.000000 1.133823 0.374978 0.364237 0.764216
 54000.000000 1.184331 0.286503 0.409079 0.836540
 57000.000000 1.246123 0.385888 0.416394 0.844982
 60000.000000 1.203511 0.346939 0.369748 0.845168
 63000.000000 1.404156 0.435018 0.505903 0.933695
 66000.000000 1.511019 0.474069 0.541378 1.003295
 69000.000000 1.489285 0.482884 0.508686 0.993500
 72000.000000 1.595566 0.492070 0.603034 1.048014
 75000.000000 1.580872 0.455945 0.620256 1.042772
 78000.000000 1.638958 0.441955 0.754272 1.040844
 81000.000000 1.749349 0.610699 0.633317 1.127340
 84000.000000 1.681867 0.473133 0.710159 1.090221
 87000.000000 1.781926 0.600843 0.719996 1.121507
 90000.000000 1.654233 0.526087 0.642911 1.069734
 93000.000000 1.858168 0.548900 0.807892 1.179772
 96000.000000 1.733398 0.587268 0.644045 1.117741
 99000.000000 1.659535 0.458540 0.725557 1.067487
 102000.000000 1.638696 0.539033 0.659360 1.039500
 105000.000000 1.517800 0.434941 0.594524 1.003068
 108000.000000 1.493898 0.478661 0.541683 0.983726
 111000.000000 1.473063 0.445407 0.579137 0.960791
 114000.000000 1.519501 0.435095 0.572498 1.015705
 117000.000000 1.423216 0.424222 0.539315 0.941448
 120000.000000 1.500280 0.410671 0.640385 0.974753
 123000.000000 1.384244 0.426405 0.507671 0.917206
 126000.000000 1.408557 0.397257 0.540387 0.939735
 129000.000000 1.347821 0.383326 0.469959 0.921178
 132000.000000 1.493136 0.450522 0.569356 0.983197
 135000.000000 1.313803 0.405964 0.435722 0.892960
 138000.000000 1.384303 0.347416 0.489841 0.965674
 141000.000000 1.508565 0.477189 0.542933 0.998504
 144000.000000 1.472586 0.423958 0.584580 0.968317
 147000.000000 1.336431 0.346501 0.498194 0.914084
 150000.000000 1.480546 0.430478 0.557524 0.986545
 153000.000000 1.580717 0.486477 0.569004 1.052976
 156000.000000 1.636579 0.403646 0.737183 1.066165
 159000.000000 1.653562 0.491926 0.699880 1.057659
 162000.000000 1.575986 0.455078 0.671028 1.012933
 165000.000000 1.432940 0.485354 0.451125 0.964700
 168000.000000 1.545704 0.452798 0.542707 1.047952
 171000.000000 1.465364 0.395788 0.485567 1.024686
 174000.000000 1.419167 0.355945 0.467882 1.007253
 177000.000000 1.360782 0.384577 0.458510 0.939239
 180000.000000 1.390140 0.348998 0.477109 0.977086
 183000.000000 1.315314 0.353654 0.436471 0.920252
 186000.000000 1.393543 0.337590 0.565461 0.942018
 189000.000000 1.470299 0.378620 0.582305 0.989836
 192000.000000 1.529499 0.463048 0.552255 1.021847
 195000.000000 1.590659 0.467021 0.609168 1.052564
 198000.000000 1.535891 0.526951 0.473071 1.035879
 201000.000000 1.557263 0.427554 0.572991 1.056990
 204000.000000 1.753132 0.553654 0.665320 1.143645
 207000.000000 1.796390 0.604022 0.667513 1.160623
 210000.000000 1.808610 0.570887 0.721092 1.162620
 213000.000000 1.850173 0.598674 0.738348 1.181662
 216000.000000 1.851452 0.506866 0.779525 1.208256
 219000.000000 1.798793 0.572967 0.700568 1.162025
 222000.000000 1.882050 0.570227 0.737802 1.228036
 225000.000000 1.949202 0.587786 0.828478 1.241070
 228000.000000 1.935679 0.640627 0.771634 1.229549
 231000.000000 1.958928 0.546892 0.894109 1.238428
 234000.000000 2.048186 0.612792 0.917262 1.283159
 237000.000000 2.047264 0.766608 0.807519 1.260201
 240000.000000 2.011199 0.752721 0.805152 1.232263
 243000.000000 2.036542 0.608259 0.973137 1.245844
 246000.000000 1.993229 0.551686 0.883810 1.275480
 249000.000000 1.890828 0.656758 0.690679 1.217110
 252000.000000 1.919551 0.647299 0.719682 1.236060
 255000.000000 1.922886 0.545143 0.853860 1.223384
 258000.000000 2.099969 0.654496 0.934378 1.305532
 261000.000000 2.082190 0.617476 0.913624 1.316640
 264000.000000 2.156297 0.671834 0.996525 1.322117
 267000.000000 1.960414 0.654620 0.771523 1.247343
 270000.000000 2.207718 0.693039 0.916610 1.402893
 273000.000000 2.323556 0.847067 0.868622 1.465712
 276000.000000 2.418249 0.867831 0.971902 1.498382
 279000.000000 2.488388 0.922657 1.049089 1.502515
 282000.000000 2.510264 0.867236 1.138653 1.507319
 285000.000000 2.631862 0.935814 1.149868 1.589021
 288000.000000 2.896808 1.053483 1.342856 1.698638
 291000.000000 2.714741 0.999917 1.203074 1.613245
 294000.000000 3.240470 1.131244 1.618032 1.865832
 297000.000000 3.300673 1.272072 1.537293 1.895991
 300000.000000 3.420117 1.332591 1.633661 1.936991
 303000.000000 3.552550 1.281538 1.782498 2.020532
 306000.000000 3.749812 1.369886 1.920732 2.104503
 309000.000000 3.470418 1.213516 1.750129 1.988596
 312000.000000 3.796518 1.304252 2.032790 2.127997
 315000.000000 3.787094 1.166792 2.168582 2.119408
 318000.000000 3.827839 1.272136 2.092972 2.145285
 321000.000000 3.899058 1.401158 2.034180 2.181389
 324000.000000 4.145325 1.573590 2.128161 2.294450
 327000.000000 4.093895 1.645731 2.018054 2.262003
 330000.000000 4.409171 1.629750 2.323191 2.432701
 333000.000000 4.317268 1.613589 2.290326 2.365310
 336000.000000 4.504852 1.705544 2.464641 2.419760
 339000.000000 4.602740 1.761570 2.470282 2.486814
 342000.000000 5.044775 1.989620 2.755850 2.672040
 345000.000000 5.164221 2.031074 2.796080 2.750644
 348000.000000 5.321319 2.030465 2.896237 2.857968
 351000.000000 5.179877 2.118073 2.695043 2.773319
 354000.000000 5.358729 2.072117 2.922200 2.861571
 357000.000000 5.365883 2.163613 2.839595 2.864279
 360000.000000 5.517380 2.184134 3.017094 2.916766
 363000.000000 5.391570 2.106518 2.972229 2.852196
 366000.000000 5.749898 2.308427 3.188892 3.001238
 369000.000000 6.101938 2.298426 3.559536 3.172957
 372000.000000 6.092395 2.379846 3.548226 3.128358
 375000.000000 5.943148 2.462179 3.228376 3.097870
 378000.000000 6.047601 2.463053 3.315925 3.158112
 381000.000000 6.082530 2.432479 3.437968 3.147307
 384000.000000 6.190371 2.412519 3.593135 3.187544
 387000.000000 6.087981 2.300594 3.540240 3.167564
 390000.000000 6.276686 2.352811 3.758237 3.221162
 393000.000000 6.288692 2.454925 3.609022 3.256718
 396000.000000 6.428058 2.582892 3.644736 3.314244
 399000.000000 6.301980 2.492278 3.589722 3.260980
 402000.000000 6.364689 2.556360 3.600968 3.286026
 405000.000000 6.469198 2.569494 3.685845 3.341529
 408000.000000 6.278634 2.498760 3.564422 3.247044
 411000.000000 6.362399 2.548747 3.622352 3.276849
 414000.000000 6.489846 2.515861 3.762089 3.350871
 417000.000000 6.494012 2.452613 3.879446 3.327982
 420000.000000 6.582720 2.496738 3.945046 3.361828
 423000.000000 6.486469 2.544077 3.710507 3.359177
 426000.000000 6.572483 2.551508 3.880030 3.356714
 429000.000000 6.735677 2.572616 4.008730 3.445004
 432000.000000 6.804401 2.738909 3.890543 3.489675
 435000.000000 6.619288 2.659064 3.821533 3.378990
 438000.000000 6.886542 2.648786 4.046165 3.539066
 441000.000000 6.952851 2.719983 4.002147 3.591786
 444000.000000 6.760807 2.763960 3.790443 3.483606
 447000.000000 6.817277 2.745275 3.918675 3.485302
 450000.000000 6.831124 2.613557 4.007932 3.520379
 453000.000000 6.717983 2.667346 3.882638 3.442991
 456000.000000 6.718945 2.623401 3.857376 3.478557
 459000.000000 6.668080 2.613883 3.886569 3.417854
 462000.000000 6.684294 2.657049 3.846806 3.432366
 465000.000000 6.553677 2.531537 3.848478 3.363670
 468000.000000 6.779440 2.806555 3.834623 3.458851
 471000.000000 7.086258 2.820970 4.121301 3.615122
 474000.000000 7.216790 2.931133 4.157215 3.672616
 477000.000000 7.247713 2.884234 4.170342 3.720425
 480000.000000 7.240275 2.982547 4.099601 3.699201
 483000.000000 7.609178 3.001293 4.490119 3.863472
 486000.000000 7.399347 2.913983 4.326957 3.778877
 489000.000000 7.452094 2.896134 4.397863 3.805095
 492000.000000 7.318783 2.926019 4.258365 3.726591
 495000.000000 7.627256 2.977035 4.502012 3.887732
 498000.000000 7.592216 2.956884 4.481113 3.873217
 501000.000000 7.493867 3.047224 4.291975 3.824267
 504000.000000 7.608795 3.153920 4.272669 3.895500
 507000.000000 7.711580 2.995982 4.567430 3.929875
 510000.000000 7.706967 3.073139 4.511891 3.914452
 513000.000000 7.798493 3.051597 4.678200 3.933595
 516000.000000 7.600495 2.961512 4.644728 3.797375
 519000.000000 7.661998 2.916678 4.724912 3.841202
 522000.000000 7.617277 2.992178 4.546168 3.848104
 525000.000000 7.820689 3.026939 4.714202 3.950118
 528000.000000 7.925795 3.046026 4.826831 3.989367
 531000.000000 7.777140 3.013663 4.674660 3.932978
 534000.000000 7.769553 3.068319 4.687500 3.891643
 537000.000000 7.864154 3.081427 4.716874 3.965004
 540000.000000 7.951954 3.088440 4.828549 3.993459
 543000.000000 8.031668 3.020125 4.976808 4.033202
 546000.000000 8.094746 3.241767 4.723729 4.111998
 549000.000000 7.856113 3.237331 4.476619 3.999138
 552000.000000 7.681797 3.285229 4.279622 3.899371
 555000.000000 8.014315 3.441357 4.478259 4.054507
 558000.000000 8.297472 3.353599 4.890868 4.175239
 561000.000000 8.267059 3.371710 4.826796 4.167806
 564000.000000 8.366761 3.310317 5.038150 4.192527
 567000.000000 8.779398 3.607551 5.171598 4.389823
 570000.000000 8.823606 3.423010 5.366643 4.428780
 573000.000000 8.830143 3.602298 5.179867 4.439061
 576000.000000 8.972763 3.613240 5.286770 4.522758
 579000.000000 8.960286 3.612742 5.306849 4.500490
 582000.000000 8.871956 3.648498 5.183266 4.456074
 585000.000000 8.802675 3.478363 5.221150 4.452918
 588000.000000 8.818676 3.607837 5.119492 4.455012
 591000.000000 8.873125 3.702687 5.155301 4.444131
 594000.000000 8.828818 3.567792 5.221999 4.433923
 597000.000000 8.931356 3.671259 5.258249 4.466603
 600000.000000 9.061926 3.606011 5.418345 4.549748
 603000.000000 9.031865 3.679887 5.316851 4.533497
 606000.000000 9.099225 3.654327 5.415645 4.564239
 609000.000000 9.162930 3.712726 5.469757 4.571689
 612000.000000 9.136411 3.591016 5.529817 4.575994
 615000.000000 8.964770 3.580956 5.330178 4.509203
 618000.000000 9.042334 3.617344 5.406606 4.530359
 621000.000000 9.292997 3.704653 5.612195 4.634573
 624000.000000 9.151802 3.582295 5.553979 4.583665
 627000.000000 9.349353 3.690720 5.688473 4.659756
 630000.000000 9.561244 3.630923 5.962407 4.764579
 633000.000000 9.587904 3.728086 5.868805 4.789458
 636000.000000 9.813094 3.907525 5.941993 4.888336
 639000.000000 9.744100 3.913459 5.795999 4.889371
 642000.000000 9.743211 3.777227 5.870243 4.919476
 645000.000000 9.773429 3.910229 5.814120 4.911254
 648000.000000 9.520534 3.815287 5.668727 4.778527
 651000.000000 9.850798 4.056608 5.814079 4.915455
 654000.000000 9.687957 3.812797 5.833459 4.864829
 657000.000000 9.853509 3.931801 5.886106 4.944555
 660000.000000 10.055850 3.864557 6.263437 4.991853
 663000.000000 9.956259 3.884940 6.103412 4.962084
 666000.000000 9.977502 3.942730 6.070023 4.971126
 669000.000000 9.777344 3.928030 5.885450 4.870605
 672000.000000 9.865931 3.814924 6.046028 4.935454
 675000.000000 10.010651 3.866610 6.243568 4.955562
 678000.000000 10.026562 3.893920 6.165237 4.996984
 681000.000000 9.966519 4.048381 5.896367 4.994145
 684000.000000 9.924979 3.982986 5.978981 4.943996
 687000.000000 10.042595 4.156996 5.924144 5.002025
 690000.000000 10.246187 4.179355 6.053860 5.129580
 693000.000000 10.528119 4.266779 6.338596 5.225431
 696000.000000 10.507501 4.087703 6.473739 5.226780
 699000.000000 10.565012 4.063705 6.617443 5.224438
 702000.000000 10.369610 3.982158 6.430049 5.163507
 705000.000000 10.279687 4.103300 6.264049 5.096013
 708000.000000 10.333259 4.112311 6.223213 5.165497
 711000.000000 10.353782 4.268863 6.127119 5.155791
 714000.000000 10.452026 4.296347 6.178614 5.214546
 717000.000000 10.800889 4.439016 6.407273 5.377745
 720000.000000 10.564994 4.263139 6.438622 5.214114
 723000.000000 10.646350 4.340562 6.408188 5.271975
 726000.000000 10.523021 4.169732 6.481501 5.197404
 729000.000000 10.609786 4.379929 6.296836 5.271403
 732000.000000 10.420367 4.235442 6.249652 5.177821
 735000.000000 10.245192 4.149446 6.157999 5.091470
 738000.000000 10.220822 4.238153 6.055985 5.073754
 741000.000000 10.229226 4.156173 6.092817 5.104731
 744000.000000 10.274252 4.274159 6.082642 5.095852
 747000.000000 10.071553 4.131391 5.986241 5.012737
 750000.000000 10.249083 4.290517 6.078241 5.064705
 753000.000000 10.348031 4.227599 6.261591 5.103435
 756000.000000 10.547063 4.274033 6.365360 5.227367
 759000.000000 10.284561 4.129644 6.273348 5.083065
 762000.000000 10.295273 4.143493 6.267365 5.089844
 765000.000000 10.303534 4.171779 6.278345 5.078472
 768000.000000 10.269020 4.150494 6.246840 5.070353
 771000.000000 10.032073 4.050557 6.057777 4.977906
 774000.000000 10.253629 4.134563 6.248826 5.061935
 777000.000000 10.272026 4.122812 6.292951 5.064144
 780000.000000 10.197445 4.169298 6.137578 5.044007
 783000.000000 10.396101 4.274391 6.235440 5.141186
 786000.000000 10.305412 4.259986 6.159339 5.095749
 789000.000000 10.509793 4.281637 6.311460 5.213244
 792000.000000 10.426678 4.260749 6.276132 5.158237
 795000.000000 10.451354 4.303706 6.272632 5.163185
 798000.000000 10.376871 4.157559 6.308883 5.143651
 801000.000000 10.243616 4.210328 6.181432 5.047736
 804000.000000 10.437545 4.261614 6.266139 5.173668
 807000.000000 10.472067 4.298348 6.335621 5.155083
 810000.000000 10.492031 4.275294 6.345899 5.181435
 813000.000000 10.738179 4.432778 6.440083 5.301748
 816000.000000 10.769886 4.469921 6.417235 5.326308
 819000.000000 10.931127 4.393567 6.671155 5.398766
 822000.000000 11.009072 4.483907 6.680532 5.426853
 825000.000000 11.065519 4.510393 6.725804 5.447421
 828000.000000 11.108249 4.547319 6.687242 5.490969
 831000.000000 11.148838 4.558105 6.682712 5.528430
 834000.000000 10.977068 4.562021 6.497566 5.447275
 837000.000000 11.432155 4.679141 6.884092 5.650539
 840000.000000 11.416056 4.566495 6.985901 5.639858
 843000.000000 11.468825 4.686420 6.915170 5.668030
 846000.000000 11.309973 4.614671 6.812786 5.596244
 849000.000000 11.277699 4.596351 6.794586 5.582230
 852000.000000 11.325299 4.613990 6.848939 5.593834
 855000.000000 11.298858 4.646388 6.807888 5.571720
 858000.000000 11.004905 4.554755 6.630490 5.412282
 861000.000000 11.083674 4.414670 6.814905 5.468886
 864000.000000 10.957327 4.383833 6.706353 5.412234
 867000.000000 10.576901 4.285905 6.397190 5.235353
 870000.000000 10.747974 4.402016 6.437651 5.328141
 873000.000000 10.652637 4.363494 6.369374 5.286203
 876000.000000 10.714593 4.299255 6.470951 5.329490
 879000.000000 10.605585 4.291270 6.347505 5.286197
 882000.000000 10.839477 4.350984 6.596237 5.365866
 885000.000000 11.013115 4.305683 6.827189 5.446679
 888000.000000 10.892502 4.314859 6.685426 5.392360
 891000.000000 10.964533 4.257644 6.855130 5.408146
 894000.000000 10.886905 4.276897 6.768351 5.364281
 897000.000000 10.767330 4.382616 6.502601 5.324721
 900000.000000 10.542802 4.271393 6.335808 5.239201
 903000.000000 10.648779 4.377507 6.365488 5.277282
 906000.000000 10.852882 4.519660 6.505130 5.340487
 909000.000000 10.414348 4.356419 6.075923 5.198177
 912000.000000 10.297035 4.382858 5.948078 5.131567
 915000.000000 10.387393 4.275440 6.189207 5.155069
 918000.000000 10.289503 4.083603 6.267867 5.113768
 921000.000000 10.311657 4.042503 6.375441 5.102685
 924000.000000 10.398104 4.156024 6.311794 5.164195
 927000.000000 10.449767 4.233003 6.276390 5.195071
 930000.000000 10.258268 4.159434 6.171408 5.092847
 933000.000000 10.523080 4.308021 6.217129 5.260505
 936000.000000 10.293961 4.212799 6.171076 5.102024
 939000.000000 10.461165 4.257294 6.295730 5.184653
 942000.000000 10.368665 4.239018 6.219599 5.139357
 945000.000000 10.472168 4.322427 6.230988 5.195461
 948000.000000 10.441369 4.392941 6.128140 5.180828
 951000.000000 10.573487 4.415255 6.221335 5.255192
 954000.000000 11.253023 4.646777 6.705939 5.576665
 957000.000000 11.295529 4.726445 6.686424 5.589094
 960000.000000 11.288128 4.705710 6.735195 5.567676
 963000.000000 11.443573 4.754322 6.849229 5.641798
 966000.000000 11.586431 4.721933 6.965675 5.742627
 969000.000000 11.679898 4.668415 7.118424 5.786479
 972000.000000 11.523084 4.694726 6.969544 5.690949
 975000.000000 11.465149 4.686290 6.901529 5.671239
 978000.000000 11.492871 4.659568 7.019990 5.653092
 981000.000000 11.217418 4.535295 6.767338 5.566101
 984000.000000 11.047591 4.529055 6.659213 5.453458
 987000.000000 11.212024 4.595435 6.746219 5.541196
 990000.000000 11.145975 4.550418 6.740155 5.500689
 993000.000000 11.093483 4.483514 6.716682 5.493385
 996000.000000 11.031928 4.438981 6.689781 5.467547
 999000.000000 11.141116 4.554294 6.693901 5.517018
 1002000.000000 11.210366 4.505797 6.808881 5.553027
 1005000.000000 11.207771 4.506749 6.806417 5.551188
 1008000.000000 11.327514 4.565294 6.857406 5.616164
 1011000.000000 11.294741 4.569738 6.866925 5.576410
 1014000.000000 11.312282 4.471854 6.965493 5.593608
 1017000.000000 11.345432 4.518251 6.948538 5.612038
 1020000.000000 11.358866 4.641746 6.876226 5.599880
 1023000.000000 11.125747 4.611752 6.601950 5.518896
 1026000.000000 10.973942 4.496593 6.569224 5.441033
 1029000.000000 11.053519 4.508000 6.635959 5.481540
 1032000.000000 11.094019 4.590846 6.614916 5.491138
 1035000.000000 11.110017 4.643879 6.569668 5.503243
 1038000.000000 11.076955 4.523371 6.688741 5.470899
 1041000.000000 11.060387 4.503399 6.677926 5.469724
 1044000.000000 10.925881 4.514373 6.494441 5.421474
 1047000.000000 11.024842 4.669204 6.473798 5.453341
 1050000.000000 11.028124 4.573994 6.516687 5.482784
 1053000.000000 10.970054 4.483564 6.605813 5.425366
 1056000.000000 10.962710 4.495589 6.457662 5.486085
 1059000.000000 11.070039 4.639133 6.499518 5.500714
 1062000.000000 10.990340 4.630332 6.410077 5.470136
 1065000.000000 10.767695 4.495141 6.275744 5.382253
 1068000.000000 10.916122 4.629783 6.419289 5.391586
 1071000.000000 10.832991 4.603262 6.293466 5.384627
 1074000.000000 10.584375 4.397739 6.214257 5.278377
 1077000.000000 10.520837 4.475191 6.063295 5.251594
 1080000.000000 10.686868 4.396914 6.325895 5.325464
 1083000.000000 10.566690 4.332736 6.247596 5.276524
 1086000.000000 10.395486 4.260509 6.201037 5.164713
 1089000.000000 10.317805 4.208893 6.154945 5.135886
 1092000.000000 10.185783 4.191451 5.982058 5.099029
 1095000.000000 10.088277 4.116853 6.016884 5.021408
 1098000.000000 10.161599 4.168073 6.089449 5.032838
 1101000.000000 10.116261 4.046623 6.065070 5.060414
 1104000.000000 10.124481 4.097906 6.051194 5.049931
 1107000.000000 10.234067 4.095256 6.176932 5.097973
 1110000.000000 10.467958 4.303432 6.201751 5.215366
 1113000.000000 10.406040 4.346497 6.087876 5.188854
 1116000.000000 10.547805 4.420760 6.188867 5.242992
 1119000.000000 10.542466 4.299276 6.259564 5.263047
 1122000.000000 10.476011 4.319370 6.199201 5.216725
 1125000.000000 10.254576 4.106191 6.181079 5.110941
 1128000.000000 10.351329 4.223756 6.124803 5.177050
 1131000.000000 10.374620 4.320400 6.101451 5.163694
 1134000.000000 10.521646 4.383453 6.154669 5.252585
 1137000.000000 10.495105 4.390363 6.137816 5.231015
 1140000.000000 10.606862 4.471144 6.185158 5.278711
 1143000.000000 10.547392 4.302669 6.332085 5.230015
 1146000.000000 10.613983 4.379566 6.301096 5.273652
 1149000.000000 10.366072 4.179954 6.194340 5.178925
 1152000.000000 10.319746 4.213562 6.126699 5.149616
 1155000.000000 10.481204 4.288745 6.300099 5.186782
 1158000.000000 10.380334 4.188975 6.258182 5.156755
 1161000.000000 10.356974 4.161649 6.271439 5.140430
 1164000.000000 10.585796 4.201690 6.481635 5.244134
 1167000.000000 10.701631 4.193907 6.556070 5.326643
 1170000.000000 10.810810 4.309590 6.550209 5.380910
 1173000.000000 11.010111 4.398345 6.744841 5.438518
 1176000.000000 10.748818 4.274507 6.522227 5.350451
 1179000.000000 10.810344 4.246960 6.641932 5.365898
 1182000.000000 10.822727 4.285749 6.669010 5.345347
 1185000.000000 10.957847 4.313664 6.758790 5.421620
 1188000.000000 10.970081 4.335913 6.818318 5.392965
 1191000.000000 10.728021 4.227091 6.625893 5.301529
 1194000.000000 10.662313 4.279948 6.424932 5.309873
 1197000.000000 10.703957 4.288810 6.507863 5.305620
 1200000.000000 10.736191 4.183851 6.611930 5.338300
 1203000.000000 11.017611 4.384554 6.737913 5.456377
 1206000.000000 10.789186 4.334770 6.545088 5.349257
 1209000.000000 10.763670 4.285586 6.559791 5.340981
 1212000.000000 10.728365 4.252022 6.571150 5.316779
 1215000.000000 10.837500 4.346124 6.592211 5.368333
 1218000.000000 10.910400 4.401143 6.528448 5.445605
 1221000.000000 11.017855 4.476352 6.595193 5.482082
 1224000.000000 10.496780 4.339503 6.253329 5.200364
 1227000.000000 10.608272 4.315930 6.330462 5.285076
 1230000.000000 10.769086 4.485383 6.353127 5.349831
 1233000.000000 10.854777 4.624016 6.278287 5.403625
 1236000.000000 11.017946 4.660688 6.426519 5.474342
 1239000.000000 11.019390 4.610180 6.493347 5.467627
 1242000.000000 11.184005 4.615781 6.684226 5.534002
 1245000.000000 11.201900 4.676383 6.608390 5.559514
 1248000.000000 11.045530 4.640945 6.556055 5.447030
 1251000.000000 10.773087 4.421742 6.464976 5.329728
 1254000.000000 10.816698 4.529662 6.418369 5.342683
 1257000.000000 10.888804 4.543959 6.453906 5.389872
 1260000.000000 10.873618 4.464083 6.513351 5.384901
 1263000.000000 10.855797 4.527274 6.387287 5.398516
 1266000.000000 10.777668 4.434653 6.386940 5.366871
 1269000.000000 10.826383 4.447648 6.444206 5.380456
 1272000.000000 11.001529 4.509402 6.568973 5.462342
 1275000.000000 11.112487 4.496872 6.746752 5.490675
 1278000.000000 11.080194 4.521441 6.716936 5.461006
 1281000.000000 11.126017 4.576397 6.623779 5.525930
 1284000.000000 11.075176 4.448597 6.717941 5.491907
 1287000.000000 11.139756 4.495291 6.771174 5.506524
 1290000.000000 11.083421 4.535555 6.675405 5.477941
 1293000.000000 11.075891 4.451856 6.715913 5.492006
 1296000.000000 10.929441 4.489984 6.483590 5.442654
 1299000.000000 10.995478 4.509770 6.541780 5.469703
 1302000.000000 10.970533 4.413846 6.665235 5.430993
 1305000.000000 10.966710 4.533831 6.467347 5.466121
 1308000.000000 11.135268 4.596910 6.622884 5.525371
 1311000.000000 11.176414 4.566304 6.752681 5.516922
 1314000.000000 11.298699 4.681461 6.753849 5.581043
 1317000.000000 11.296658 4.548200 6.815324 5.614896
 1320000.000000 11.051808 4.598136 6.526649 5.489416
 1323000.000000 10.764389 4.477890 6.338380 5.356255
 1326000.000000 10.758176 4.430993 6.407768 5.338796
 1329000.000000 10.904369 4.456908 6.550531 5.400649
 1332000.000000 10.424931 4.198320 6.269113 5.191214
 1335000.000000 10.703070 4.355262 6.472282 5.289298
 1338000.000000 10.680277 4.302443 6.502292 5.277910
 1341000.000000 10.858360 4.303526 6.666841 5.373177
 1344000.000000 10.946642 4.401814 6.625583 5.432943
 1347000.000000 11.062501 4.387846 6.733293 5.501931
 1350000.000000 10.924105 4.396003 6.554901 5.448653
 1353000.000000 11.243209 4.446917 6.899328 5.570087
 1356000.000000 11.145900 4.573352 6.653957 5.532245
 1359000.000000 11.056364 4.521221 6.675732 5.457887
 1362000.000000 11.137344 4.487898 6.647945 5.569422
 1365000.000000 11.016608 4.391717 6.653887 5.493807
 1368000.000000 11.175851 4.578503 6.550632 5.611284
 1371000.000000 11.219615 4.634963 6.604955 5.599656
 1374000.000000 11.286720 4.644311 6.722971 5.603079
 1377000.000000 11.212117 4.559890 6.719489 5.572428
 1380000.000000 10.985830 4.490859 6.530618 5.475092
 1383000.000000 11.064645 4.415099 6.722144 5.496023
 1386000.000000 10.939838 4.365812 6.645981 5.433942
 1389000.000000 11.195094 4.512248 6.740580 5.568680
 1392000.000000 11.304724 4.594999 6.845843 5.584303
 1395000.000000 11.089459 4.476522 6.735472 5.483462
 1398000.000000 11.034302 4.489261 6.603490 5.487927
 1401000.000000 10.978485 4.437440 6.584554 5.467488
 1404000.000000 10.895681 4.489112 6.484203 5.409023
 1407000.000000 10.850250 4.473876 6.405986 5.410319
 1410000.000000 10.931043 4.358433 6.656998 5.423327
 1413000.000000 10.957196 4.273420 6.785652 5.427660
 1416000.000000 11.057738 4.335345 6.855130 5.462501
 1419000.000000 11.072619 4.413967 6.752485 5.489393
 1422000.000000 10.995890 4.314385 6.780270 5.448563
 1425000.000000 11.220150 4.487204 6.839805 5.556645
 1428000.000000 11.286482 4.524699 6.906720 5.570772
 1431000.000000 11.529612 4.589190 7.104321 5.682857
 1434000.000000 11.603746 4.657329 7.093380 5.728391
 1437000.000000 11.501934 4.716195 6.933935 5.676869
 1440000.000000 11.455538 4.723011 6.829683 5.679191
 1443000.000000 11.373146 4.710797 6.751145 5.642175
 1446000.000000 11.451424 4.765918 6.772537 5.682197
 1449000.000000 11.367188 4.707141 6.767583 5.629826
 1452000.000000 11.569030 4.756371 6.932392 5.724648
 1455000.000000 11.714189 4.920200 6.944396 5.781890
 1458000.000000 11.535977 4.782960 6.905549 5.691722
 1461000.000000 11.555786 4.787145 6.959555 5.682436
 1464000.000000 11.420002 4.657754 6.938723 5.621764
 1467000.000000 11.508833 4.666804 6.958639 5.696112
 1470000.000000 11.336190 4.541641 6.924658 5.603040
 1473000.000000 11.583180 4.704960 7.088205 5.686598
 1476000.000000 11.522850 4.629106 7.056777 5.679909
 1479000.000000 11.524306 4.616698 7.055176 5.688369
 1482000.000000 11.560906 4.719363 7.022586 5.689931
 1485000.000000 11.679151 4.649302 7.224880 5.742060
 1488000.000000 11.828712 4.672638 7.331009 5.826889
 1491000.000000 11.480429 4.581714 7.019262 5.679941
 1494000.000000 11.598318 4.630010 7.141167 5.712730
 1497000.000000 11.637835 4.781578 7.002038 5.746027
 1500000.000000 11.545451 4.714523 6.964083 5.706148
 1503000.000000 11.752660 4.745929 7.115488 5.821951
 1506000.000000 11.709284 4.827688 7.092461 5.749209
 1509000.000000 11.596552 4.694067 7.045141 5.726947
 1512000.000000 11.672741 4.783975 7.052157 5.754675
 1515000.000000 11.574401 4.840185 6.837670 5.735474
 1518000.000000 11.667782 4.760846 7.003901 5.785408
 1521000.000000 11.666695 4.795511 7.006210 5.765835
 1524000.000000 11.692736 4.768560 7.082741 5.767085
 1527000.000000 11.683147 4.779650 7.044519 5.771063
 1530000.000000 11.872470 4.812001 7.186094 5.873423
 1533000.000000 11.875270 4.834448 7.141695 5.887198
 1536000.000000 11.710698 4.696017 7.110766 5.807307
 1539000.000000 11.542840 4.772320 6.832513 5.740423
 1542000.000000 11.921089 4.883087 7.106934 5.926079
 1545000.000000 11.908766 4.898280 7.127391 5.895931
 1548000.000000 12.046633 5.032627 7.135700 5.962470
 1551000.000000 11.973667 5.013699 7.120557 5.906539
 1554000.000000 12.079349 5.039423 7.195531 5.961872
 1557000.000000 12.011229 5.109118 7.034479 5.939430
 1560000.000000 11.967197 4.906606 7.237487 5.895150
 1563000.000000 12.020038 4.893288 7.268329 5.939230
 1566000.000000 12.006810 4.945791 7.253461 5.907184
 1569000.000000 12.057467 4.888862 7.278028 5.974022
 1572000.000000 11.954891 4.904797 7.194800 5.905093
 1575000.000000 12.030410 4.875923 7.309907 5.937495
 1578000.000000 12.050955 4.995567 7.208170 5.949087
 1581000.000000 11.985779 4.955045 7.166596 5.924958
 1584000.000000 12.134909 5.009426 7.228904 6.015745
 1587000.000000 12.041210 4.838083 7.342309 5.951014
 1590000.000000 11.737185 4.840896 6.995368 5.819053
 1593000.000000 11.705529 4.770781 7.121415 5.759431
 1596000.000000 11.706944 4.664848 7.214011 5.767515
 1599000.000000 11.664119 4.735807 7.058921 5.766755
 1602000.000000 11.612806 4.706972 7.015784 5.751428
 1605000.000000 11.515743 4.620961 6.974934 5.717795
 1608000.000000 11.630503 4.673633 7.009230 5.789071
 1611000.000000 11.591102 4.695313 6.994214 5.746338
 1614000.000000 11.648878 4.694838 7.118509 5.742204
 1617000.000000 11.822091 4.823017 7.140975 5.840095
 1620000.000000 11.670191 4.751644 7.085918 5.751411
 1623000.000000 11.927687 4.865445 7.264607 5.862661
 1626000.000000 11.642696 4.722644 7.009199 5.776774
 1629000.000000 11.850446 4.777311 7.229972 5.846805
 1632000.000000 11.768334 4.680000 7.263540 5.796564
 1635000.000000 11.771742 4.874799 7.011215 5.828735
 1638000.000000 11.776433 4.780344 7.146273 5.813124
 1641000.000000 11.903156 4.907298 7.155933 5.871541
 1644000.000000 11.820076 4.791309 7.220155 5.814343
 1647000.000000 11.482559 4.709319 6.944307 5.655746
 1650000.000000 11.594592 4.757781 7.006526 5.712438
 1653000.000000 11.437137 4.711658 6.944387 5.609115
 1656000.000000 11.655140 4.836397 6.977411 5.748236
 1659000.000000 11.691971 4.879227 6.976564 5.764075
 1662000.000000 11.511625 4.676457 7.026328 5.660233
 1665000.000000 11.548385 4.667241 7.016228 5.706651
 1668000.000000 11.473881 4.736191 6.921847 5.644862
 1671000.000000 11.529966 4.681731 7.059004 5.659599
 1674000.000000 11.426699 4.810753 6.807641 5.617502
 1677000.000000 11.359931 4.741940 6.842351 5.567786
 1680000.000000 11.225522 4.686001 6.657462 5.553790
 1683000.000000 11.305425 4.686960 6.732828 5.595531
 1686000.000000 11.323563 4.566077 6.938958 5.571045
 1689000.000000 11.304941 4.535289 6.882969 5.595812
 1692000.000000 11.441835 4.601662 7.000766 5.640621
 1695000.000000 11.767039 4.681828 7.270607 5.790821
 1698000.000000 11.836788 4.755459 7.258634 5.829741
 1701000.000000 11.852175 4.806016 7.263738 5.817298
 1704000.000000 11.679583 4.719840 7.113961 5.762682
 1707000.000000 11.550870 4.710833 6.978859 5.706024
 1710000.000000 11.669289 4.750162 7.074039 5.757188
 1713000.000000 11.542544 4.680678 7.039480 5.682464
 1716000.000000 11.611615 4.624643 7.180119 5.709234
 1719000.000000 11.419920 4.586434 6.983170 5.635118
 1722000.000000 11.224063 4.580153 6.744115 5.561929
 1725000.000000 11.196726 4.599665 6.811253 5.491267
 1728000.000000 11.128725 4.486693 6.762271 5.504243
 1731000.000000 11.295571 4.635017 6.841287 5.557418
 1734000.000000 11.476387 4.620055 7.026540 5.653089
 1737000.000000 11.538111 4.669165 6.997419 5.704819
 1740000.000000 11.720057 4.843813 7.075944 5.760179
 1743000.000000 11.516053 4.784154 6.916178 5.665887
 1746000.000000 11.472633 4.740857 6.931371 5.636519
 1749000.000000 11.316857 4.618547 6.872273 5.571446
 1752000.000000 11.408608 4.596035 6.966911 5.627135
 1755000.000000 11.353818 4.634137 6.863617 5.604941
 1758000.000000 11.426948 4.579931 7.052277 5.610845
 1761000.000000 11.448610 4.753292 6.828550 5.657689
 1764000.000000 11.585490 4.737120 6.997661 5.718099
 1767000.000000 11.620072 4.877743 6.928500 5.716951
 1770000.000000 11.613235 4.844296 6.888568 5.746803
 1773000.000000 11.796181 4.937465 7.058767 5.798065
 1776000.000000 11.427290 4.749579 6.828282 5.638360
 1779000.000000 11.411426 4.644687 6.897427 5.640370
 1782000.000000 11.342504 4.519305 6.964928 5.600387
 1785000.000000 11.568784 4.609107 7.089773 5.719344
 1788000.000000 11.404545 4.734463 6.816760 5.628933
 1791000.000000 11.584520 4.820810 6.932562 5.707834
 1794000.000000 11.439979 4.753485 6.733770 5.696352
 1797000.000000 11.868086 4.907416 7.143764 5.842496
 1800000.000000 11.792798 4.839006 7.066819 5.839886
 1803000.000000 11.773036 4.917255 6.959270 5.834774
 1806000.000000 11.740680 4.861718 6.961192 5.829225
 1809000.000000 11.782380 4.821511 7.120920 5.811165
 1812000.000000 11.710197 4.828996 7.050431 5.770483
 1815000.000000 11.794729 4.841091 7.131831 5.808268
 1818000.000000 11.773085 4.701151 7.165506 5.839757
 1821000.000000 11.816358 4.879550 6.995381 5.878893
 1824000.000000 11.970810 4.905254 7.240050 5.898158
 1827000.000000 11.910939 4.882775 7.151410 5.893847
 1830000.000000 11.956694 4.938891 7.121310 5.926594
 1833000.000000 12.030551 4.972142 7.146391 5.971284
 1836000.000000 11.776872 4.812913 7.090523 5.825154
 1839000.000000 11.567485 4.741673 6.983620 5.704839
 1842000.000000 11.563216 4.739239 6.949921 5.718636
 1845000.000000 11.499471 4.776934 6.836356 5.692826
 1848000.000000 11.544009 4.612921 7.058934 5.708081
 1851000.000000 11.287765 4.563617 6.778929 5.616492
 1854000.000000 11.264427 4.591860 6.768281 5.584357
 1857000.000000 11.206555 4.547264 6.752086 5.556879
 1860000.000000 11.007201 4.503478 6.638216 5.436354
 1863000.000000 11.028360 4.516603 6.606995 5.466561
 1866000.000000 11.015983 4.533846 6.641257 5.428431
 1869000.000000 11.351898 4.556391 7.016080 5.565663
 1872000.000000 11.424877 4.700466 6.883208 5.633040
 1875000.000000 11.235507 4.618354 6.752956 5.549852
 1878000.000000 11.146661 4.586565 6.659885 5.523436
 1881000.000000 10.905225 4.463108 6.544497 5.401423
 1884000.000000 10.900752 4.414219 6.563815 5.411735
 1887000.000000 11.037378 4.571434 6.620103 5.441610
 1890000.000000 11.046705 4.603619 6.574676 5.457557
 1893000.000000 10.984948 4.671005 6.450318 5.424286
 1896000.000000 11.089192 4.558585 6.611950 5.503925
 1899000.000000 11.366159 4.532770 6.934875 5.632336
 1902000.000000 11.393987 4.562089 6.989719 5.618083
 1905000.000000 11.608131 4.646064 7.151760 5.709219
 1908000.000000 11.465324 4.640978 6.965963 5.661853
 1911000.000000 11.430727 4.636092 6.874209 5.675577
 1914000.000000 11.275339 4.583594 6.816791 5.575147
 1917000.000000 11.312078 4.607030 6.854262 5.581432
 1920000.000000 11.464362 4.633286 6.942577 5.676430
 1923000.000000 11.437663 4.616370 6.928471 5.665242
 1926000.000000 11.341476 4.580689 6.841674 5.630295
 1929000.000000 11.143934 4.476543 6.764218 5.523554
 1932000.000000 11.342170 4.716798 6.648337 5.659603
 1935000.000000 11.168188 4.712168 6.550237 5.536986
 1938000.000000 11.297350 4.744743 6.599357 5.625300
 1941000.000000 11.291431 4.715830 6.639899 5.613567
 1944000.000000 11.482404 4.737053 6.876204 5.675775
 1947000.000000 11.282054 4.703669 6.721123 5.569658
 1950000.000000 11.368035 4.623641 6.897466 5.607482
 1953000.000000 11.448782 4.566098 7.042786 5.644340
 1956000.000000 11.363022 4.683123 6.837242 5.602839
 1959000.000000 11.348870 4.620670 6.855201 5.610934
 1962000.000000 11.432361 4.700382 6.862984 5.650679
 1965000.000000 11.431615 4.741858 6.853677 5.633847
 1968000.000000 11.375976 4.599640 6.915871 5.618221
 1971000.000000 11.493795 4.614443 6.997901 5.687623
 1974000.000000 11.404156 4.585299 6.940156 5.641428
 1977000.000000 11.620165 4.725685 7.078148 5.718248
 1980000.000000 11.413562 4.702421 6.881876 5.621413
 1983000.000000 11.399353 4.773640 6.790167 5.617450
 1986000.000000 11.336629 4.859697 6.647860 5.582850
 1989000.000000 11.288651 4.817943 6.601967 5.578697
 1992000.000000 11.441260 4.834940 6.722437 5.662572
 1995000.000000 11.379368 4.847204 6.704079 5.603727
 1998000.000000 11.173139 4.802521 6.507962 5.517897
 2001000.000000 11.177412 4.725076 6.557885 5.535932
 2004000.000000 11.336800 4.815947 6.615971 5.620841
 2007000.000000 11.319390 4.904635 6.520093 5.607026
 2010000.000000 11.277202 4.902363 6.494238 5.578901
 2013000.000000 11.464785 4.925933 6.704065 5.649785
 2016000.000000 11.343101 4.782061 6.719561 5.592289
 2019000.000000 11.024562 4.621793 6.512177 5.457577
 2022000.000000 10.841685 4.528091 6.442159 5.356560
 2025000.000000 10.908925 4.656250 6.360338 5.400631
 2028000.000000 10.795159 4.695578 6.231091 5.331825
 2031000.000000 10.487567 4.496172 6.059427 5.209768
 2034000.000000 10.560872 4.618231 5.907460 5.298027
 2037000.000000 10.553453 4.595923 6.042603 5.234190
 2040000.000000 10.474709 4.464308 6.079429 5.202841
 2043000.000000 10.532543 4.525288 6.114440 5.212679
 2046000.000000 10.478977 4.450007 6.154546 5.176700
 2049000.000000 10.213540 4.250330 6.046002 5.065374
 2052000.000000 10.053862 4.200753 5.985459 4.960756
 2055000.000000 9.963916 4.114223 5.937397 4.938106
 2058000.000000 10.005364 4.051877 6.093626 4.932613
 2061000.000000 9.922767 3.975640 6.044362 4.912766
 2064000.000000 10.086577 4.112020 6.064598 4.998268
 2067000.000000 10.319809 4.155011 6.199767 5.142420
 2070000.000000 10.325736 4.257798 6.111261 5.141206
 2073000.000000 10.251998 4.151040 6.164751 5.094102
 2076000.000000 10.138367 4.116059 6.042767 5.058954
 2079000.000000 10.113826 4.087971 6.037151 5.051265
 2082000.000000 10.116423 4.109544 6.065928 5.028687
 2085000.000000 10.018472 4.027713 6.054797 4.977217
 2088000.000000 10.003398 4.014693 5.955222 5.018441
 2091000.000000 10.107302 4.135031 5.994790 5.042391
 2094000.000000 10.075531 4.126128 6.003782 5.010576
 2097000.000000 10.126691 4.101846 6.106508 5.022514
 2100000.000000 10.043102 4.076898 5.961401 5.023953
 2103000.000000 10.127576 4.112824 6.059998 5.041165
 2106000.000000 10.178268 4.092028 6.072009 5.096250
 2109000.000000 10.579682 4.199929 6.412988 5.273223
 2112000.000000 10.456280 4.065480 6.402821 5.222129
 2115000.000000 10.534984 4.180511 6.391734 5.248862
 2118000.000000 10.560973 4.264603 6.369636 5.243853
 2121000.000000 10.484015 4.328229 6.320769 5.159516
 2124000.000000 10.656476 4.311005 6.458826 5.271561
 2127000.000000 10.620042 4.202568 6.513569 5.261973
 2130000.000000 10.685145 4.204836 6.550896 5.307279
 2133000.000000 10.359806 4.071131 6.362158 5.143161
 2136000.000000 10.695729 4.359355 6.448109 5.291996
 2139000.000000 10.728514 4.547751 6.245070 5.332104
 2142000.000000 10.972575 4.498955 6.560590 5.442802
 2145000.000000 10.990394 4.528912 6.519115 5.466381
 2148000.000000 11.277285 4.601244 6.693701 5.629812
 2151000.000000 11.136606 4.407377 6.811654 5.527090
 2154000.000000 11.037445 4.364662 6.828235 5.440997
 2157000.000000 10.846709 4.414978 6.500414 5.389012
 2160000.000000 10.918866 4.375756 6.640663 5.410657
 2163000.000000 10.808903 4.236652 6.631665 5.374745
 2166000.000000 10.781426 4.212880 6.713250 5.318361
 2169000.000000 10.843159 4.299137 6.625752 5.380715
 2172000.000000 10.786228 4.335070 6.569445 5.333971
 2175000.000000 10.806312 4.300399 6.603582 5.354321
 2178000.000000 10.803462 4.427815 6.472765 5.353172
 2181000.000000 10.806192 4.388598 6.512400 5.355693
 2184000.000000 11.039874 4.473567 6.662929 5.471626
 2187000.000000 11.231323 4.530681 6.920128 5.505919
 2190000.000000 11.265358 4.607824 6.788347 5.567273
 2193000.000000 11.095103 4.563685 6.668786 5.478867
 2196000.000000 11.231353 4.572134 6.765746 5.562413
 2199000.000000 11.071470 4.484232 6.723342 5.467683
 2202000.000000 11.018074 4.470130 6.669440 5.448289
 2205000.000000 11.214622 4.469998 6.906798 5.526224
 2208000.000000 10.838921 4.366575 6.556466 5.377401
 2211000.000000 10.826514 4.380419 6.550349 5.361130
 2214000.000000 10.842754 4.332685 6.682429 5.335197
 2217000.000000 10.991978 4.325973 6.866825 5.395580
 2220000.000000 11.119843 4.553363 6.748191 5.469066
 2223000.000000 11.021763 4.444219 6.697912 5.450698
 2226000.000000 10.907665 4.572578 6.469465 5.386644
 2229000.000000 11.131870 4.681844 6.627566 5.477165
 2232000.000000 11.191006 4.703918 6.627917 5.525089
 2235000.000000 11.027238 4.516857 6.635369 5.451125
 2238000.000000 11.069166 4.478220 6.689861 5.485126
 2241000.000000 11.184517 4.598812 6.726383 5.521919
 2244000.000000 11.476689 4.565004 7.038804 5.674785
 2247000.000000 11.475939 4.540425 7.070321 5.670566
 2250000.000000 11.105426 4.470004 6.778356 5.481246
 2253000.000000 11.247724 4.465858 6.934770 5.547410
 2256000.000000 11.070591 4.436338 6.775963 5.464441
 2259000.000000 11.096395 4.320187 6.913478 5.479562
 2262000.000000 10.842948 4.402914 6.561370 5.360806
 2265000.000000 11.003202 4.391717 6.722633 5.446027
 2268000.000000 11.004603 4.329833 6.782718 5.448327
 2271000.000000 11.113888 4.322375 6.914702 5.495349
 2274000.000000 11.070980 4.387876 6.802663 5.475711
 2277000.000000 11.137868 4.479950 6.828020 5.483884
 2280000.000000 11.335732 4.611329 6.860454 5.599840
 2283000.000000 11.180341 4.569282 6.784280 5.503560
 2286000.000000 11.315178 4.620888 6.839408 5.585031
 2289000.000000 11.282702 4.576200 6.814614 5.587295
 2292000.000000 11.362364 4.654317 6.828876 5.620768
 2295000.000000 11.539052 4.661725 7.025178 5.695600
 2298000.000000 11.495108 4.756335 6.886694 5.673593
 2301000.000000 11.431545 4.667470 6.899177 5.648221
 2304000.000000 11.304301 4.690396 6.755116 5.581545
 2307000.000000 11.426836 4.742997 6.823861 5.643407
 2310000.000000 11.066562 4.615472 6.507221 5.505215
 2313000.000000 11.038722 4.543106 6.643486 5.445426
 2316000.000000 11.177385 4.659293 6.625832 5.534822
 2319000.000000 10.969089 4.387479 6.630651 5.460024
 2322000.000000 10.901082 4.464249 6.560121 5.388897
 2325000.000000 11.091484 4.663785 6.528081 5.495551
 2328000.000000 10.829542 4.567357 6.360701 5.365513
 2331000.000000 10.668841 4.539072 6.235172 5.281719
 2334000.000000 10.954454 4.538226 6.482189 5.444247
 2337000.000000 10.905434 4.473873 6.501280 5.417858
 2340000.000000 10.994955 4.507227 6.630860 5.425912
 2343000.000000 10.973122 4.534196 6.560533 5.425758
 2346000.000000 11.039479 4.481399 6.692394 5.452583
 2349000.000000 10.958580 4.401559 6.698384 5.408609
 2352000.000000 10.849284 4.349227 6.618294 5.365524
 2355000.000000 10.943067 4.414482 6.635994 5.417829
 2358000.000000 10.761702 4.336574 6.486248 5.350291
 2361000.000000 10.971548 4.398519 6.711521 5.416528
 2364000.000000 10.998618 4.392106 6.707117 5.449006
 2367000.000000 11.348656 4.588032 6.911497 5.598892
 2370000.000000 11.245426 4.504586 6.921490 5.532388
 2373000.000000 11.372947 4.642110 6.752986 5.675399
 2376000.000000 11.502560 4.708665 6.944254 5.676100
 2379000.000000 11.408649 4.598164 6.965508 5.626813
 2382000.000000 11.378331 4.788519 6.720378 5.623882
 2385000.000000 11.264634 4.620361 6.793131 5.557888
 2388000.000000 11.217399 4.584587 6.738063 5.556073
 2391000.000000 11.041369 4.560737 6.571771 5.475116
 2394000.000000 11.261206 4.679446 6.726733 5.558117
 2397000.000000 11.114536 4.412806 6.822414 5.496926
 2400000.000000 11.133594 4.496563 6.739703 5.515462
 2403000.000000 11.277425 4.605279 6.786341 5.581615
 2406000.000000 11.645568 4.750375 7.069680 5.735540
 2409000.000000 11.551925 4.652886 7.078412 5.686276
 2412000.000000 11.374645 4.756021 6.801444 5.595912
 2415000.000000 11.519539 4.724270 6.934682 5.690062
 2418000.000000 11.313860 4.621706 6.874751 5.565632
 2421000.000000 11.245213 4.560941 6.804951 5.562268
 2424000.000000 11.310148 4.686706 6.776769 5.578411
 2427000.000000 11.324802 4.731652 6.804972 5.556490
 2430000.000000 11.378850 4.767898 6.745241 5.622281
 2433000.000000 11.518609 4.706524 6.948328 5.691183
 2436000.000000 11.688713 4.850605 7.017911 5.754456
 2439000.000000 11.633673 4.691730 7.005683 5.784966
 2442000.000000 11.635999 4.688671 7.134765 5.724282
 2445000.000000 11.782879 4.651787 7.243374 5.835299
 2448000.000000 11.738061 4.703864 7.238938 5.766660
 2451000.000000 11.720877 4.621182 7.329047 5.745763
 2454000.000000 11.720271 4.747243 7.212169 5.740565
 2457000.000000 11.755231 4.695993 7.218848 5.797811
 2460000.000000 11.849021 4.818368 7.197316 5.841179
 2463000.000000 11.728859 4.965343 6.905803 5.793286
 2466000.000000 11.850194 4.897353 7.079023 5.862006
 2469000.000000 12.143781 5.108065 7.139424 6.020036
 2472000.000000 12.118879 4.996395 7.292012 5.974676
 2475000.000000 11.956708 4.935040 7.221217 5.878579
 2478000.000000 12.088919 5.005927 7.251949 5.959982
 2481000.000000 12.053796 5.052846 7.144132 5.955307
 2484000.000000 11.936954 5.028067 7.052211 5.896815
 2487000.000000 12.135379 5.075645 7.248127 5.973493
 2490000.000000 12.188104 5.074333 7.271886 6.014995
 2493000.000000 12.214442 5.020700 7.309198 6.049493
 2496000.000000 12.250970 5.104543 7.355807 6.020795
 2499000.000000 12.152649 5.043343 7.269432 5.996262
 2502000.000000 12.176754 5.007139 7.309455 6.018457
 2505000.000000 12.022974 4.900537 7.305172 5.920120
 2508000.000000 12.111467 5.055340 7.236668 5.965463
 2511000.000000 12.292059 5.174951 7.192845 6.108161
 2514000.000000 11.777681 4.966666 6.935285 5.826705
 2517000.000000 12.042548 5.105656 7.121504 5.928968
 2520000.000000 11.903933 4.996675 7.101355 5.854918
 2523000.000000 11.589353 4.889195 6.863540 5.712985
 2526000.000000 11.563459 4.808553 6.892166 5.713100
 2529000.000000 11.668427 4.878149 6.898261 5.780222
 2532000.000000 11.612678 4.928955 6.879290 5.708555
 2535000.000000 11.847135 4.894789 7.156690 5.821396
 2538000.000000 11.669336 4.854087 7.016321 5.734132
 2541000.000000 11.834346 4.882743 7.160734 5.812607
 2544000.000000 11.498853 4.619620 7.010715 5.683686
 2547000.000000 11.621014 4.673037 7.104054 5.732469
 2550000.000000 11.664643 4.809121 7.053747 5.733208
 2553000.000000 11.692561 4.957124 6.896139 5.765930
 2556000.000000 11.761373 4.845836 7.090144 5.793383
 2559000.000000 11.593840 4.710085 7.042029 5.717783
 2562000.000000 11.554597 4.724559 7.006312 5.689161
 2565000.000000 11.511510 4.673847 6.977288 5.685943
 2568000.000000 11.673254 4.624332 7.243949 5.739114
 2571000.000000 11.481111 4.628810 6.982042 5.675685
 2574000.000000 11.583970 4.722435 6.976429 5.734538
 2577000.000000 11.712906 4.853314 7.004306 5.784096
 2580000.000000 11.694497 4.805253 6.988277 5.797732
 2583000.000000 12.076873 4.972871 7.290288 5.945294
 2586000.000000 12.144424 4.950468 7.435671 5.951354
 2589000.000000 11.903034 4.924353 7.193286 5.844214
 2592000.000000 11.993703 4.968273 7.170201 5.924466
 2595000.000000 11.685437 4.830622 7.022238 5.759007
 2598000.000000 11.645963 4.651175 7.184932 5.727910
 2601000.000000 11.752716 4.806093 7.094002 5.802669
 2604000.000000 12.018895 4.935096 7.264736 5.918979
 2607000.000000 12.140214 5.053084 7.249746 5.988799
 2610000.000000 12.245378 5.061390 7.361951 6.033708
 2613000.000000 12.077694 4.960674 7.280788 5.956963
 2616000.000000 11.918501 4.836201 7.230483 5.885159
 2619000.000000 12.023482 5.022913 7.131912 5.946070
 2622000.000000 11.990211 4.941787 7.190345 5.924145
 2625000.000000 12.263727 5.185865 7.241145 6.050222
 2628000.000000 12.078496 5.081181 7.160905 5.957453
 2631000.000000 12.285112 5.160275 7.359017 6.025466
 2634000.000000 12.319174 5.167215 7.323501 6.073816
 2637000.000000 12.229908 5.122283 7.338044 5.999745
 2640000.000000 12.218015 5.126916 7.331728 5.988693
 2643000.000000 12.069431 4.922138 7.300450 5.958137
 2646000.000000 12.053831 5.004742 7.276323 5.913299
 2649000.000000 11.930112 4.946116 7.187936 5.863086
 2652000.000000 11.864163 5.050441 7.017333 5.830276
 2655000.000000 11.880470 5.043783 7.024263 5.846447
 2658000.000000 11.831577 4.796976 7.199112 5.833533
 2661000.000000 11.956917 4.816193 7.325134 5.886254
 2664000.000000 11.955000 4.692081 7.486567 5.865676
 2667000.000000 12.051529 4.874637 7.441701 5.893360
 2670000.000000 12.073967 4.865856 7.426728 5.927675
 2673000.000000 12.065146 4.835120 7.470659 5.912256
 2676000.000000 12.080844 4.844718 7.468875 5.924048
 2679000.000000 11.904543 4.780375 7.292190 5.868260
 2682000.000000 11.934596 4.765877 7.413210 5.845052
 2685000.000000 11.887115 4.699531 7.428778 5.822961
 2688000.000000 11.856865 4.767162 7.306516 5.820026
 2691000.000000 11.915107 4.870220 7.242996 5.858499
 2694000.000000 11.973173 4.882984 7.346858 5.858252
 2697000.000000 11.943279 4.840213 7.274315 5.886015
 2700000.000000 12.006031 4.830368 7.370020 5.905837
 2703000.000000 11.850673 4.824001 7.214617 5.831364
 2706000.000000 12.019106 4.876501 7.347404 5.907153
 2709000.000000 11.846069 4.839322 7.162501 5.845157
 2712000.000000 12.106051 4.918560 7.396563 5.948489
 2715000.000000 12.201699 5.144266 7.215059 6.022036
 2718000.000000 12.296660 5.089570 7.337899 6.082926
 2721000.000000 12.198335 5.122810 7.252501 6.010679
 2724000.000000 12.082520 4.995883 7.291264 5.938947
 2727000.000000 12.025480 4.968460 7.253663 5.914418
 2730000.000000 12.207133 4.992338 7.417899 6.002015
 2733000.000000 12.271403 5.027060 7.426034 6.044857
 2736000.000000 12.234871 5.136703 7.312317 6.010361
 2739000.000000 12.025119 5.051424 7.137322 5.930745
 2742000.000000 11.918550 5.015649 7.119029 5.851212
 2745000.000000 11.982333 5.012894 7.186235 5.882769
 2748000.000000 12.016390 4.995766 7.316796 5.860109
 2751000.000000 12.176157 4.957596 7.415524 5.989597
 2754000.000000 11.992637 4.880942 7.282939 5.910697
 2757000.000000 11.925170 4.770027 7.352829 5.863742
 2760000.000000 12.011274 4.961127 7.238472 5.911475
 2763000.000000 11.969818 4.924900 7.224912 5.894912
 2766000.000000 12.021144 4.988527 7.285597 5.884082
 2769000.000000 12.202356 5.014855 7.447423 5.971217
 2772000.000000 12.331768 5.006576 7.611672 6.022644
 2775000.000000 12.110920 4.919088 7.408375 5.947188
 2778000.000000 12.364859 5.065048 7.536013 6.064328
 2781000.000000 12.199394 4.962605 7.488205 5.973989
 2784000.000000 11.930047 4.919419 7.242509 5.849083
 2787000.000000 11.897249 4.925772 7.194748 5.836989
 2790000.000000 11.968616 5.010915 7.166469 5.879924
 2793000.000000 12.215758 5.114264 7.317767 5.999742
 2796000.000000 12.108759 4.983580 7.400219 5.916860
 2799000.000000 11.929474 4.945323 7.177015 5.868304
 2802000.000000 12.053120 5.017384 7.288400 5.900228
 2805000.000000 12.109215 5.001768 7.327272 5.944695
 2808000.000000 12.103123 5.028781 7.295180 5.941143
 2811000.000000 12.096590 4.946125 7.335689 5.955683
 2814000.000000 12.165203 4.899305 7.528015 5.951542
 2817000.000000 11.846737 4.846394 7.207436 5.819822
 2820000.000000 11.722535 4.737837 7.225154 5.741039
 2823000.000000 11.708397 4.781031 7.117806 5.758978
 2826000.000000 11.778220 4.927146 7.026346 5.801474
 2829000.000000 11.839625 4.912573 7.098403 5.834137
 2832000.000000 12.018115 4.884145 7.368010 5.892037
 2835000.000000 11.935924 4.864077 7.270014 5.868879
 2838000.000000 12.066588 4.943005 7.292327 5.948923
 2841000.000000 12.036501 4.920169 7.259685 5.946574
 2844000.000000 12.273481 4.977081 7.536092 6.016895
 2847000.000000 12.499790 5.219931 7.567205 6.106222
 2850000.000000 12.562901 5.258101 7.486317 6.190692
 2853000.000000 12.654686 5.376473 7.454994 6.238952
 2856000.000000 12.452048 5.275666 7.337283 6.145574
 2859000.000000 12.632323 5.421739 7.443349 6.199779
 2862000.000000 12.418799 5.300326 7.326551 6.105360
 2865000.000000 12.384269 5.334033 7.273461 6.080522
 2868000.000000 12.403739 5.366769 7.218800 6.110954
 2871000.000000 12.396985 5.259999 7.330912 6.101530
 2874000.000000 12.232073 5.236659 7.135690 6.045898
 2877000.000000 12.168738 5.238817 7.059013 6.019824
 2880000.000000 12.194713 5.126918 7.308273 5.977117
 2883000.000000 12.393909 5.202543 7.438283 6.073496
 2886000.000000 12.335885 5.104971 7.438608 6.064096
 2889000.000000 12.576085 5.186420 7.625241 6.170255
 2892000.000000 12.666427 5.229682 7.694367 6.204403
 2895000.000000 12.574251 5.328940 7.459187 6.180187
 2898000.000000 12.511417 5.195854 7.498678 6.164151
 2901000.000000 12.439954 5.154184 7.463165 6.131280
 2904000.000000 12.664627 5.251149 7.678126 6.199990
 2907000.000000 12.489982 5.176923 7.490040 6.156500
 2910000.000000 12.304393 5.055170 7.420031 6.066792
 2913000.000000 12.328178 5.134862 7.389437 6.066028
 2916000.000000 12.224093 5.116574 7.319907 6.005853
 2919000.000000 12.321362 5.180893 7.365281 6.048275
 2922000.000000 12.479657 5.256592 7.487710 6.107507
 2925000.000000 12.316860 5.176756 7.386634 6.035165
 2928000.000000 12.254078 5.181784 7.269279 6.028547
 2931000.000000 12.006289 5.059117 7.147376 5.903043
 2934000.000000 11.831854 5.033675 6.981709 5.824162
 2937000.000000 11.931010 5.168553 6.939495 5.876986
 2940000.000000 11.749308 4.977913 6.965003 5.777850
 2943000.000000 11.555996 4.888968 6.821523 5.700751
 2946000.000000 11.464184 4.857217 6.784792 5.643180
 2949000.000000 11.473958 4.788569 6.844124 5.657611
 2952000.000000 11.658406 4.886666 6.905847 5.762149
 2955000.000000 11.866253 5.002119 7.045617 5.842384
 2958000.000000 11.975355 5.017628 7.150457 5.891312
 2961000.000000 12.115574 5.121888 7.178374 5.965443
 2964000.000000 11.841757 4.958702 6.999033 5.862890
 2967000.000000 11.938528 4.967350 7.108209 5.900748
 2970000.000000 11.958563 5.074705 7.053180 5.894620
 2973000.000000 11.758574 4.913955 6.999940 5.801627
 2976000.000000 11.792869 4.944819 6.971856 5.834531
 2979000.000000 11.745812 4.873489 6.960101 5.829017
 2982000.000000 11.755585 4.890567 7.085421 5.767591
 2985000.000000 11.946343 4.954484 7.155790 5.891206
 2988000.000000 11.818234 4.953528 7.017742 5.832599
 2991000.000000 11.830843 4.877358 7.095006 5.844660
 2994000.000000 11.649802 4.826707 7.029058 5.721920
 2997000.000000 11.854516 4.819232 7.169398 5.860201
 3000000.000000 11.995039 5.034974 7.074092 5.940506
